2,1,12,10,12983,0,0,0,0,0,0,0,0,0,0,0,0,0,0,0,0,0,1,1,0.00,0.00,0.00,0.00,1.00,0.00,0.00,134,86,0.61,0.04,0.61,0.02,0.00,0.00,0.00,0.00,0
0,3,36,10,20,0,0,0,0,0,0,0,0,0,0,0,0,0,0,0,0,0,1,65,0.00,0.00,0.00,0.00,1.00,0.00,1.00,3,57,1.00,0.00,1.00,0.28,0.00,0.00,0.00,0.00,2
1,1,33,3,0,15,0,0,0,0,0,0,0,0,0,0,0,0,0,0,0,0,1,8,0.00,0.12,1.00,0.50,1.00,0.00,0.75,29,86,0.31,0.17,0.03,0.02,0.00,0.00,0.83,0.71,2
0,1,53,10,267,14515,0,0,0,0,0,1,0,0,0,0,0,0,0,0,0,0,4,4,0.00,0.00,0.00,0.00,1.00,0.00,0.00,155,255,1.00,0.00,0.01,0.03,0.01,0.00,0.00,0.00,0
0,1,54,10,1022,387,0,0,0,0,0,1,0,0,0,0,0,0,0,0,0,0,1,3,0.00,0.00,0.00,0.00,1.00,0.00,1.00,255,28,0.11,0.72,0.00,0.00,0.00,0.00,0.72,0.04,0
0,1,33,10,129,174,0,0,0,0,1,0,0,0,0,0,0,0,0,0,0,0,1,1,0.00,0.00,0.00,0.00,1.00,0.00,0.00,255,255,1.00,0.00,0.00,0.00,0.01,0.01,0.02,0.02,3
0,1,53,10,327,467,0,0,0,0,0,1,0,0,0,0,0,0,0,0,0,0,33,47,0.00,0.00,0.00,0.00,1.00,0.00,0.04,151,255,1.00,0.00,0.01,0.03,0.00,0.00,0.00,0.00,0
0,1,70,10,26,157,0,0,0,0,1,0,0,0,0,0,0,0,0,0,0,1,1,1,0.00,0.00,0.00,0.00,1.00,0.00,0.00,52,26,0.50,0.08,0.02,0.00,0.00,0.00,0.00,0.00,3
0,1,33,10,0,0,0,0,0,0,0,0,0,0,0,0,0,0,0,0,0,0,1,1,0.00,0.00,0.00,0.00,1.00,0.00,0.00,255,128,0.50,0.01,0.00,0.00,0.00,0.00,0.66,0.32,2
0,1,54,10,616,330,0,0,0,0,0,1,0,0,0,0,0,0,0,0,0,0,1,2,0.00,0.00,0.00,0.00,1.00,0.00,1.00,255,129,0.51,0.03,0.00,0.00,0.00,0.00,0.33,0.00,0
37,1,33,10,773,364200,0,0,0,0,0,1,0,0,0,0,0,0,0,0,0,0,1,1,0.00,0.00,0.00,0.00,1.00,0.00,0.00,38,73,0.16,0.05,0.03,0.04,0.00,0.77,0.00,0.07,0
0,1,53,10,350,3610,0,0,0,0,0,1,0,0,0,0,0,0,0,0,0,0,8,8,0.00,0.00,0.00,0.00,1.00,0.00,0.00,71,255,1.00,0.00,0.01,0.04,0.00,0.00,0.00,0.00,0
0,1,53,10,213,659,0,0,0,0,0,1,0,0,0,0,0,0,0,0,0,0,24,24,0.00,0.00,0.00,0.00,1.00,0.00,0.00,255,255,1.00,0.00,0.00,0.00,0.00,0.00,0.00,0.00,0
0,1,53,10,246,2090,0,0,0,0,0,1,0,0,0,0,0,0,0,0,0,0,16,16,0.00,0.00,0.00,0.00,1.00,0.00,0.00,35,255,1.00,0.00,0.03,0.05,0.00,0.00,0.00,0.00,0
0,2,21,10,45,44,0,0,0,0,0,0,0,0,0,0,0,0,0,0,0,0,505,505,0.00,0.00,0.00,0.00,1.00,0.00,0.00,255,255,1.00,0.00,1.00,0.00,0.00,0.00,0.00,0.00,0
0,1,40,6,0,0,0,0,0,0,0,0,0,0,0,0,0,0,0,0,0,0,1,1,1.00,1.00,0.00,0.00,1.00,0.00,0.00,255,87,0.34,0.01,0.01,0.00,1.00,1.00,0.00,0.00,2
0,1,53,10,196,1823,0,0,0,0,0,1,0,0,0,0,0,0,0,0,0,0,17,17,0.00,0.00,0.00,0.00,1.00,0.00,0.00,255,255,1.00,0.00,0.00,0.00,0.00,0.00,0.00,0.00,0
0,1,53,10,277,1816,0,0,0,0,0,1,0,0,0,0,0,0,0,0,0,0,17,18,0.00,0.00,0.00,0.00,1.00,0.00,0.11,36,255,1.00,0.00,0.03,0.02,0.00,0.00,0.00,0.00,0
0,1,53,10,294,6442,0,0,0,0,0,1,0,0,0,0,0,0,0,0,0,0,22,46,0.00,0.00,0.00,0.00,1.00,0.00,0.11,180,255,1.00,0.00,0.01,0.01,0.00,0.00,0.00,0.00,0
0,1,53,10,300,440,0,0,0,0,0,1,0,0,0,0,0,0,0,0,0,0,7,7,0.00,0.00,0.00,0.00,1.00,0.00,0.00,255,255,1.00,0.00,0.00,0.00,0.00,0.00,0.00,0.00,0
0,2,21,10,54,51,0,0,0,0,0,0,0,0,0,0,0,0,0,0,0,0,511,511,0.00,0.00,0.00,0.00,1.00,0.00,0.00,255,255,1.00,0.00,0.83,0.00,0.00,0.00,0.00,0.00,0
0,1,54,10,720,281,0,0,0,0,0,1,0,0,0,0,0,0,0,0,0,0,1,2,0.00,0.00,0.00,0.00,1.00,0.00,1.00,158,82,0.52,0.06,0.01,0.00,0.01,0.00,0.00,0.00,0
0,1,53,10,301,19794,0,0,0,0,0,1,0,0,0,0,0,0,0,0,0,0,15,15,0.00,0.00,0.00,0.00,1.00,0.00,0.00,20,255,1.00,0.00,0.05,0.02,0.05,0.00,0.00,0.00,0
0,2,21,10,1,1,0,0,0,0,0,0,0,0,0,0,0,0,0,0,0,0,40,3,0.00,0.00,0.00,0.00,0.08,0.38,0.00,255,3,0.01,0.58,0.99,0.00,0.00,0.00,0.01,0.00,0
0,1,21,5,0,0,0,0,0,0,0,0,0,0,0,0,0,0,0,0,0,0,483,1,0.05,0.00,0.92,1.00,0.00,1.00,0.00,255,1,0.00,1.00,0.00,0.00,0.00,0.00,0.96,1.00,2
0,1,35,3,0,44,0,0,0,0,0,0,0,0,0,0,0,0,0,0,0,0,2,2,0.00,0.00,1.00,1.00,0.50,1.00,1.00,185,59,0.24,0.03,0.01,0.03,0.01,0.00,0.89,0.95,2
0,1,53,10,209,12894,0,0,0,0,0,1,0,0,0,0,0,0,0,0,0,0,11,11,0.00,0.00,0.00,0.00,1.00,0.00,0.00,255,255,1.00,0.00,0.00,0.00,0.00,0.00,0.00,0.00,0
8,1,70,10,220,688,0,0,0,4,0,1,0,0,0,0,4,0,0,0,0,0,1,1,0.00,0.00,0.00,0.00,1.00,0.00,0.00,53,27,0.51,0.08,0.02,0.00,0.00,0.00,0.00,0.00,4
0,2,11,10,43,71,0,0,0,0,0,0,0,0,0,0,0,0,0,0,0,0,113,113,0.00,0.00,0.00,0.00,1.00,0.00,0.00,255,254,1.00,0.01,0.00,0.00,0.00,0.00,0.00,0.00,0
0,1,12,10,88382,0,0,0,0,0,0,0,0,0,0,0,0,0,0,0,0,0,15,15,0.00,0.00,0.00,0.00,1.00,0.00,0.00,203,114,0.38,0.01,0.38,0.02,0.00,0.00,0.00,0.00,0
0,1,53,10,277,4968,0,0,0,0,0,1,0,0,0,0,0,0,0,0,0,0,13,13,0.00,0.00,0.00,0.00,1.00,0.00,0.00,13,255,1.00,0.00,0.08,0.01,0.00,0.00,0.00,0.00,0
0,1,53,10,321,2715,0,0,0,0,0,1,0,0,0,0,0,0,0,0,0,0,29,37,0.03,0.05,0.00,0.00,1.00,0.00,0.08,29,255,1.00,0.00,0.03,0.04,0.03,0.00,0.00,0.00,0
0,1,53,10,335,3228,0,0,0,0,0,1,0,0,0,0,0,0,0,0,0,0,49,50,0.00,0.00,0.00,0.00,1.00,0.00,0.04,255,255,1.00,0.00,0.00,0.00,0.00,0.00,0.00,0.00,0
0,1,53,10,234,3236,0,0,0,0,0,1,0,0,0,0,0,0,0,0,0,0,8,21,0.00,0.00,0.00,0.00,1.00,0.00,0.10,255,255,1.00,0.00,0.00,0.00,0.00,0.00,0.00,0.00,0
0,1,33,6,0,0,0,0,0,0,0,0,0,0,0,0,0,0,0,0,0,0,1,12,1.00,0.33,0.00,0.67,1.00,0.00,0.92,91,86,0.34,0.03,0.01,0.03,1.00,1.00,0.00,0.00,2
0,2,21,10,46,45,0,0,0,0,0,0,0,0,0,0,0,0,0,0,0,0,68,68,0.00,0.00,0.00,0.00,1.00,0.00,0.00,255,255,1.00,0.00,0.26,0.00,0.00,0.00,0.00,0.00,0
0,1,53,10,318,488,0,0,0,0,0,1,0,0,0,0,0,0,0,0,0,0,3,16,0.00,0.00,0.00,0.00,1.00,0.00,0.12,3,156,1.00,0.00,0.33,0.04,0.00,0.01,0.00,0.00,0
0,1,53,10,256,4926,0,0,0,0,0,1,0,0,0,0,0,0,0,0,0,0,1,41,0.00,0.00,0.00,0.00,1.00,0.00,0.07,255,241,0.95,0.02,0.00,0.00,0.00,0.00,0.00,0.00,0
282,1,70,10,160,599,0,0,0,2,0,1,0,0,0,0,0,0,0,0,0,1,1,1,0.00,0.00,0.00,0.00,1.00,0.00,0.00,255,37,0.15,0.02,0.00,0.00,0.00,0.00,0.44,0.00,3
0,1,53,10,229,509,0,0,0,0,0,1,0,0,0,0,0,0,0,0,0,0,1,1,0.00,0.00,0.00,0.00,1.00,0.00,0.00,21,255,1.00,0.00,0.05,0.04,0.00,0.00,0.00,0.00,0
0,2,21,10,105,146,0,0,0,0,0,0,0,0,0,0,0,0,0,0,0,0,2,2,0.00,0.00,0.00,0.00,1.00,0.00,0.00,9,9,1.00,0.00,0.11,0.00,0.00,0.00,0.00,0.00,3
0,1,53,10,282,396,0,0,0,0,0,1,0,0,0,0,0,0,0,0,0,0,8,8,0.00,0.00,0.00,0.00,1.00,0.00,0.00,255,255,1.00,0.00,0.00,0.00,0.00,0.00,0.00,0.00,0
4,1,40,10,28,93,0,0,0,0,0,1,0,0,0,0,0,0,0,0,0,0,1,1,0.00,0.00,0.00,0.00,1.00,0.00,0.00,255,249,0.98,0.02,0.00,0.00,0.00,0.00,0.00,0.00,3
280,1,12,10,283618,0,0,0,0,0,0,0,0,0,0,0,0,0,0,0,0,0,2,2,0.00,0.00,0.00,0.00,1.00,0.00,0.00,7,10,0.86,0.29,0.86,0.20,0.00,0.00,0.00,0.00,3
0,1,53,10,233,2239,0,0,0,0,0,1,0,0,0,0,0,0,0,0,0,0,3,3,0.00,0.00,0.00,0.00,1.00,0.00,0.00,255,197,0.77,0.02,0.00,0.00,0.00,0.00,0.00,0.00,0
0,1,53,10,257,8712,0,0,0,0,0,1,0,0,0,0,0,0,0,0,0,0,2,20,0.00,0.00,0.00,0.00,1.00,0.00,0.20,255,255,1.00,0.00,0.00,0.00,0.00,0.00,0.00,0.00,0
0,1,47,5,0,0,0,0,0,0,0,0,0,0,0,0,0,0,0,0,0,0,412,1,0.15,0.00,0.83,1.00,0.00,1.00,0.00,255,1,0.00,0.96,0.00,0.00,0.10,0.00,0.89,1.00,2
0,1,53,10,214,645,0,0,0,0,0,1,0,0,0,0,0,0,0,0,0,0,30,30,0.00,0.00,0.00,0.00,1.00,0.00,0.00,255,255,1.00,0.00,0.00,0.00,0.00,0.00,0.00,0.00,0
0,1,33,5,0,0,0,0,0,0,0,0,0,0,0,0,0,0,0,0,0,0,4,6,0.00,0.00,1.00,1.00,0.25,1.00,0.83,106,85,0.29,0.05,0.01,0.02,0.02,0.00,0.91,0.67,2
0,1,53,10,203,651,0,0,0,0,0,1,0,0,0,0,0,0,0,0,0,0,19,19,0.00,0.00,0.00,0.00,1.00,0.00,0.00,255,255,1.00,0.00,0.00,0.00,0.00,0.00,0.00,0.00,0
0,1,54,10,0,83,0,0,0,0,0,1,0,0,0,0,0,0,0,0,0,0,1,2,0.00,0.00,0.00,0.00,1.00,0.00,1.00,61,146,0.80,0.07,0.02,0.01,0.00,0.00,0.00,0.01,0
0,1,53,10,307,484,0,0,0,0,0,1,0,0,0,0,0,0,0,0,0,0,2,2,0.00,0.00,0.00,0.00,1.00,0.00,0.00,10,255,1.00,0.00,0.10,0.05,0.00,0.00,0.00,0.00,0
0,1,53,10,320,1667,0,0,0,0,0,1,0,0,0,0,0,0,0,0,0,0,8,30,0.00,0.00,0.00,0.00,1.00,0.00,0.17,85,253,1.00,0.00,0.01,0.04,0.00,0.00,0.00,0.00,0
0,1,53,10,215,430,0,0,0,0,0,1,0,0,0,0,0,0,0,0,0,0,1,1,0.00,0.00,0.00,0.00,1.00,0.00,0.00,40,255,1.00,0.00,0.03,0.04,0.00,0.00,0.00,0.00,0
0,1,53,10,358,3691,0,0,0,0,0,1,0,0,0,0,0,0,0,0,0,0,11,11,0.00,0.00,0.00,0.00,1.00,0.00,0.00,81,255,1.00,0.00,0.01,0.03,0.00,0.00,0.00,0.00,0
0,1,53,10,270,1332,0,0,0,0,0,1,0,0,0,0,0,0,0,0,0,0,2,2,0.00,0.00,0.00,0.00,1.00,0.00,0.00,7,255,1.00,0.00,0.14,0.04,0.00,0.00,0.00,0.00,0
0,1,53,10,337,283,0,0,0,0,0,1,0,0,0,0,0,0,0,0,0,0,24,29,0.00,0.00,0.00,0.00,1.00,0.00,0.10,255,255,1.00,0.00,0.00,0.00,0.00,0.00,0.00,0.00,0
0,1,53,10,219,1310,0,0,0,0,0,1,0,0,0,0,0,0,0,0,0,0,4,4,0.00,0.00,0.00,0.00,1.00,0.00,0.00,4,251,1.00,0.00,0.25,0.08,0.00,0.00,0.00,0.00,0
0,1,53,10,258,1012,0,0,0,0,0,1,0,0,0,0,0,0,0,0,0,0,26,26,0.00,0.00,0.00,0.00,1.00,0.00,0.00,255,255,1.00,0.00,0.00,0.00,0.00,0.00,0.00,0.00,0
0,1,53,10,324,1093,0,0,0,0,0,1,0,0,0,0,0,0,0,0,0,0,5,8,0.00,0.00,0.00,0.00,1.00,0.00,0.38,69,255,1.00,0.00,0.01,0.01,0.00,0.00,0.00,0.00,0
0,1,40,3,0,36,0,0,0,0,0,1,0,0,0,0,0,0,0,0,0,0,3,7,0.00,0.00,1.00,1.00,0.33,1.00,1.00,189,60,0.24,0.03,0.01,0.03,0.00,0.00,0.88,0.98,2
0,1,53,10,236,10503,0,0,0,0,0,1,0,0,0,0,0,0,0,0,0,0,3,3,0.00,0.00,0.00,0.00,1.00,0.00,0.00,255,255,1.00,0.00,0.00,0.00,0.00,0.00,0.00,0.00,0
0,1,12,10,1699,0,0,0,0,0,0,0,0,0,0,0,0,0,0,0,0,0,1,1,0.00,0.00,0.00,0.00,1.00,0.00,0.00,36,7,0.19,0.11,0.19,0.00,0.00,0.00,0.00,0.00,0
0,1,53,10,327,910,0,0,0,0,0,1,0,0,0,0,0,0,0,0,0,0,14,15,0.00,0.00,0.00,0.00,1.00,0.00,0.13,14,255,1.00,0.00,0.07,0.03,0.00,0.00,0.00,0.00,0
0,1,53,10,303,2789,0,0,0,0,0,1,0,0,0,0,0,0,0,0,0,0,8,8,0.00,0.00,0.00,0.00,1.00,0.00,0.00,255,255,1.00,0.00,0.00,0.00,0.00,0.00,0.00,0.00,0
0,1,47,5,0,0,0,0,0,0,0,0,0,0,0,0,0,0,0,0,0,0,1,1,0.00,0.00,1.00,1.00,1.00,0.00,0.00,255,13,0.05,0.02,0.00,0.00,0.00,0.00,0.06,1.00,3
3,1,40,10,28,93,0,0,0,0,0,1,0,0,0,0,0,0,0,0,0,0,1,1,0.00,0.00,0.00,0.00,1.00,0.00,0.00,255,254,1.00,0.01,0.00,0.00,0.00,0.00,0.00,0.00,3
0,1,54,10,0,83,0,0,0,0,0,1,0,0,0,0,0,0,0,0,0,0,1,1,0.00,0.00,0.00,0.00,1.00,0.00,0.00,110,25,0.23,0.13,0.01,0.00,0.00,0.00,0.00,0.00,0
0,1,53,10,282,4532,0,0,0,0,0,1,0,0,0,0,0,0,0,0,0,0,6,6,0.00,0.00,0.00,0.00,1.00,0.00,0.00,96,255,1.00,0.00,0.01,0.02,0.00,0.00,0.00,0.00,0
0,2,11,10,44,113,0,0,0,0,0,0,0,0,0,0,0,0,0,0,0,0,3,5,0.00,0.00,0.00,0.00,1.00,0.00,0.40,255,253,0.99,0.01,0.00,0.00,0.00,0.00,0.00,0.00,0
0,1,21,11,0,0,0,0,0,0,0,0,0,0,0,0,0,0,0,0,0,0,1,1,1.00,1.00,0.00,0.00,1.00,0.00,0.00,30,1,0.03,1.00,1.00,0.00,1.00,1.00,0.00,0.00,2
0,1,47,6,0,0,0,0,0,0,0,0,0,0,0,0,0,0,0,0,0,0,497,1,0.00,1.00,0.99,0.00,0.00,1.00,0.00,255,1,0.00,1.00,0.00,0.00,0.01,1.00,0.99,0.00,2
0,1,70,10,26,157,0,0,0,0,1,0,0,0,0,0,0,0,0,0,0,1,1,1,0.00,0.00,0.00,0.00,1.00,0.00,0.00,155,71,0.46,0.03,0.01,0.00,0.00,0.00,0.00,0.00,3
1,1,54,10,995,330,0,0,0,0,0,1,0,0,0,0,0,0,0,0,0,0,1,1,0.00,0.00,0.00,0.00,1.00,0.00,0.00,62,42,0.66,0.05,0.02,0.05,0.00,0.00,0.00,0.00,0
31,1,33,10,197,1608,0,0,0,1,0,1,1,0,0,1,2,1,0,0,0,0,1,1,0.00,0.00,0.00,0.00,1.00,0.00,0.00,248,32,0.13,0.03,0.00,0.00,0.00,0.00,0.00,0.00,4
0,1,53,10,197,1830,0,0,0,0,0,1,0,0,0,0,0,0,0,0,0,0,2,2,0.00,0.00,0.00,0.00,1.00,0.00,0.00,26,229,1.00,0.00,0.04,0.05,0.00,0.00,0.00,0.00,0
0,1,53,10,230,843,0,0,0,0,0,1,0,0,0,0,0,0,0,0,0,0,25,25,0.00,0.00,0.00,0.00,1.00,0.00,0.00,25,255,1.00,0.00,0.04,0.06,0.00,0.00,0.00,0.00,0
0,1,53,10,161,14086,0,0,0,0,0,1,0,0,0,0,0,0,0,0,0,0,1,1,0.00,0.00,0.00,0.00,1.00,0.00,0.00,151,151,1.00,0.00,0.01,0.00,0.00,0.00,0.00,0.00,0
0,1,53,10,224,278,0,0,0,0,0,1,0,0,0,0,0,0,0,0,0,0,3,5,0.00,0.00,0.00,0.00,1.00,0.00,0.40,255,255,1.00,0.00,0.00,0.00,0.00,0.00,0.00,0.00,0
0,1,53,10,321,372,0,0,0,0,0,1,0,0,0,0,0,0,0,0,0,0,16,17,0.00,0.00,0.00,0.00,1.00,0.00,0.12,255,255,1.00,0.00,0.00,0.00,0.00,0.00,0.00,0.00,0
0,2,21,10,48,0,0,0,0,0,0,0,0,0,0,0,0,0,0,0,0,0,5,5,0.00,0.00,0.00,0.00,1.00,0.00,0.00,255,254,1.00,0.01,0.00,0.00,0.00,0.00,0.00,0.00,3
0,1,53,10,303,289,0,0,0,0,0,1,0,0,0,0,0,0,0,0,0,0,6,11,0.00,0.00,0.00,0.00,1.00,0.00,0.36,30,255,1.00,0.00,0.03,0.01,0.00,0.00,0.00,0.00,0
0,1,21,11,0,0,0,0,0,0,0,0,0,0,0,0,0,0,0,0,0,0,1,1,1.00,1.00,0.00,0.00,1.00,0.00,0.00,80,1,0.01,1.00,1.00,0.00,1.00,1.00,0.00,0.00,2
0,1,28,10,8,447,0,0,0,0,0,0,0,0,0,0,0,0,0,0,0,0,1,2,0.00,0.00,0.00,0.00,1.00,0.00,1.00,74,10,0.04,0.31,0.01,0.20,0.01,0.00,0.00,0.00,0
0,2,11,10,43,78,0,0,0,0,0,0,0,0,0,0,0,0,0,0,0,0,208,207,0.00,0.00,0.00,0.00,1.00,0.01,0.00,255,254,1.00,0.01,0.01,0.00,0.00,0.00,0.00,0.00,0
0,1,33,10,124,174,0,0,0,0,1,0,0,0,0,0,0,0,0,0,0,0,2,2,0.00,0.00,0.00,0.00,1.00,0.00,0.00,255,255,1.00,0.00,0.00,0.00,0.00,0.00,0.02,0.02,3
0,1,53,10,257,633,0,0,0,0,0,1,0,0,0,0,0,0,0,0,0,0,3,4,0.00,0.00,0.00,0.00,1.00,0.00,0.50,171,255,1.00,0.00,0.01,0.03,0.00,0.00,0.00,0.00,0
0,2,11,10,42,42,0,0,0,0,0,0,0,0,0,0,0,0,0,0,0,0,7,12,0.00,0.00,0.00,0.00,1.00,0.00,0.25,220,220,1.00,0.00,0.00,0.00,0.00,0.00,0.00,0.00,0
0,2,11,10,42,42,0,0,0,0,0,0,0,0,0,0,0,0,0,0,0,0,13,19,0.00,0.00,0.00,0.00,1.00,0.00,0.11,255,255,1.00,0.00,0.01,0.00,0.00,0.00,0.00,0.00,0
0,1,53,10,219,5881,0,0,0,0,0,1,0,0,0,0,0,0,0,0,0,0,1,49,0.00,0.00,0.00,0.00,1.00,0.00,0.12,1,255,1.00,0.00,1.00,0.03,0.00,0.00,0.00,0.00,0
0,1,53,10,260,4027,0,0,0,0,0,1,0,0,0,0,0,0,0,0,0,0,11,11,0.00,0.00,0.00,0.00,1.00,0.00,0.00,105,255,1.00,0.00,0.01,0.02,0.00,0.00,0.00,0.00,0
0,1,53,10,357,247,0,0,0,0,0,1,0,0,0,0,0,0,0,0,0,0,1,3,0.00,0.00,0.00,0.00,1.00,0.00,0.67,131,255,1.00,0.00,0.01,0.03,0.00,0.00,0.00,0.00,0
0,2,21,10,43,0,0,0,0,0,0,0,0,0,0,0,0,0,0,0,0,0,1,1,0.00,0.00,0.00,0.00,1.00,0.00,0.00,255,254,1.00,0.01,0.00,0.00,0.00,0.00,0.00,0.00,3
0,1,35,3,0,44,0,0,0,0,0,0,0,0,0,0,0,0,0,0,0,0,3,3,0.00,0.00,0.67,1.00,0.33,0.67,1.00,186,59,0.24,0.03,0.01,0.03,0.00,0.00,0.90,0.98,2
0,1,53,10,218,287,0,0,0,0,0,1,0,0,0,0,0,0,0,0,0,0,15,15,0.00,0.00,0.00,0.00,1.00,0.00,0.00,255,255,1.00,0.00,0.00,0.00,0.00,0.00,0.00,0.00,0
0,3,36,10,8,0,0,0,0,0,0,0,0,0,0,0,0,0,0,0,0,0,1,14,0.00,0.00,0.00,0.00,1.00,0.00,1.00,2,98,1.00,0.00,1.00,0.50,0.00,0.00,0.00,0.00,2
0,1,33,6,0,0,0,0,0,0,0,0,0,0,0,0,0,0,0,0,0,0,1,9,1.00,0.11,0.00,0.44,1.00,0.00,0.56,160,85,0.34,0.02,0.01,0.02,1.00,1.00,0.00,0.00,2
0,1,33,3,124,188,0,0,0,0,1,0,0,0,0,0,0,0,0,0,0,0,1,1,0.00,0.00,1.00,1.00,1.00,0.00,0.00,255,254,1.00,0.01,0.00,0.00,0.01,0.01,0.02,0.02,3
0,1,47,5,0,0,0,0,0,0,0,0,0,0,0,0,0,0,0,0,0,0,461,1,0.08,0.00,0.92,1.00,0.00,1.00,0.00,255,1,0.00,1.00,0.00,0.00,0.04,0.00,0.96,1.00,2
282,1,70,10,162,601,0,0,0,2,0,1,0,0,0,0,0,0,0,0,0,1,1,1,0.00,0.00,0.00,0.00,1.00,0.00,0.00,255,43,0.17,0.03,0.00,0.00,0.27,0.00,0.02,0.00,3
281,1,70,10,158,595,0,0,0,2,0,1,0,0,0,0,0,0,0,0,0,1,1,1,0.00,0.00,0.00,0.00,1.00,0.00,0.00,255,4,0.02,0.21,0.00,0.00,0.00,0.00,0.20,0.00,3
0,1,21,5,0,0,0,0,0,0,0,0,0,0,0,0,0,0,0,0,0,0,510,1,0.01,0.00,0.96,1.00,0.00,1.00,0.00,255,1,0.00,1.00,0.00,0.00,0.02,0.00,0.97,1.00,2
0,1,47,5,0,0,0,0,0,0,0,0,0,0,0,0,0,0,0,0,0,0,444,1,0.05,0.00,0.95,1.00,0.00,1.00,0.00,255,1,0.00,1.00,0.00,0.00,0.04,0.00,0.96,1.00,2
0,1,33,10,121,174,0,0,0,0,1,0,0,0,0,0,0,0,0,0,0,0,1,1,0.00,0.00,0.00,0.00,1.00,0.00,0.00,255,120,0.47,0.02,0.00,0.00,0.00,0.00,0.01,0.03,3
4,1,40,10,26,93,0,0,0,0,0,1,0,0,0,0,0,0,0,0,0,0,1,1,0.00,0.00,0.00,0.00,1.00,0.00,0.00,255,246,0.96,0.02,0.00,0.00,0.00,0.00,0.01,0.00,3
0,1,70,10,26,157,0,0,0,0,1,0,0,0,0,0,0,0,0,0,0,1,1,1,0.00,0.00,0.00,0.00,1.00,0.00,0.00,218,107,0.49,0.03,0.00,0.00,0.00,0.00,0.00,0.00,3
0,2,21,10,105,146,0,0,0,0,0,0,0,0,0,0,0,0,0,0,0,0,1,1,0.00,0.00,0.00,0.00,1.00,0.00,0.00,192,191,0.99,0.01,0.01,0.00,0.00,0.00,0.00,0.00,3
1,1,33,3,0,15,0,0,0,0,0,0,0,0,0,0,0,0,0,0,0,0,1,7,0.00,0.00,1.00,0.57,1.00,0.00,0.57,96,87,0.34,0.05,0.01,0.02,0.00,0.00,0.90,0.70,2
0,1,47,5,0,0,0,0,0,0,0,0,0,0,0,0,0,0,0,0,0,0,445,1,0.09,0.00,0.91,1.00,0.00,1.00,0.00,255,1,0.00,1.00,0.00,0.00,0.03,0.00,0.97,1.00,2
0,1,12,10,12,0,0,0,0,0,0,0,0,0,0,0,0,0,0,0,0,0,1,1,0.00,0.00,0.00,0.00,1.00,0.00,0.00,7,7,1.00,0.00,1.00,0.00,0.00,0.00,0.00,0.00,3
0,2,21,10,43,0,0,0,0,0,0,0,0,0,0,0,0,0,0,0,0,0,2,2,0.00,0.00,0.00,0.00,1.00,0.00,0.00,255,255,1.00,0.00,0.01,0.00,0.00,0.00,0.00,0.00,3
0,1,24,5,0,0,0,0,0,0,0,0,0,0,0,0,0,0,0,0,0,0,1,3,0.00,0.00,1.00,1.00,1.00,0.00,1.00,255,11,0.04,0.03,0.00,0.00,0.00,0.00,0.22,1.00,2
0,1,12,10,12,0,0,0,0,0,0,0,0,0,0,0,0,0,0,0,0,0,1,1,0.00,0.00,0.00,0.00,1.00,0.00,0.00,8,7,0.88,0.25,0.88,0.00,0.00,0.00,0.00,0.00,3
0,1,33,10,0,0,0,0,0,0,0,0,0,0,0,0,0,0,0,0,0,0,1,2,0.00,0.50,0.00,0.00,1.00,0.00,1.00,255,128,0.50,0.01,0.00,0.00,0.00,0.00,0.65,0.31,2
282,1,70,10,164,599,0,0,0,2,0,1,0,0,0,0,0,0,0,0,0,1,1,1,0.00,0.00,0.00,0.00,1.00,0.00,0.00,255,16,0.06,0.79,0.00,0.00,0.00,0.00,0.77,0.00,3
4,1,40,10,28,93,0,0,0,0,0,1,0,0,0,0,0,0,0,0,0,0,1,1,0.00,0.00,0.00,0.00,1.00,0.00,0.00,146,129,0.88,0.02,0.01,0.02,0.00,0.00,0.07,0.00,3
0,1,47,5,0,0,0,0,0,0,0,0,0,0,0,0,0,0,0,0,0,0,509,1,0.14,0.00,0.86,1.00,0.00,1.00,0.00,255,1,0.00,0.98,0.00,0.00,0.12,0.00,0.88,1.00,2
0,1,33,6,0,0,0,0,0,0,0,0,0,0,0,0,0,0,0,0,0,0,1,6,1.00,0.33,0.00,0.33,1.00,0.00,0.67,7,3,0.43,0.43,0.14,0.00,1.00,1.00,0.00,0.00,2
281,1,70,10,164,599,0,0,0,2,0,1,0,0,0,0,0,0,0,0,0,1,1,1,0.00,0.00,0.00,0.00,1.00,0.00,0.00,255,14,0.05,0.69,0.00,0.00,0.00,0.00,0.68,0.00,3
0,1,12,10,12,0,0,0,0,0,0,0,0,0,0,0,0,0,0,0,0,0,1,1,0.00,0.00,0.00,0.00,1.00,0.00,0.00,22,5,0.23,0.09,0.23,0.00,0.00,0.00,0.00,0.00,3
0,1,70,10,26,157,0,0,0,0,1,0,0,0,0,0,0,0,0,0,0,1,1,1,0.00,0.00,0.00,0.00,1.00,0.00,0.00,179,85,0.47,0.03,0.01,0.00,0.00,0.00,0.00,0.00,3
0,3,36,10,18,0,0,0,0,0,0,0,0,0,0,0,0,0,0,0,0,0,1,1,0.00,0.00,0.00,0.00,1.00,0.00,0.00,1,50,1.00,0.00,1.00,1.00,0.00,0.00,0.00,0.00,2
0,1,21,2,0,0,0,0,0,0,0,0,0,0,0,0,0,0,0,0,0,0,1,1,0.00,0.00,1.00,1.00,1.00,0.00,0.00,133,1,0.01,0.65,0.64,0.00,0.00,0.00,0.65,1.00,2
0,1,33,5,0,0,0,0,0,0,0,0,0,0,0,0,0,0,0,0,0,0,1,24,0.00,0.12,1.00,0.83,1.00,0.00,0.92,238,14,0.02,0.03,0.00,0.14,0.00,0.00,0.02,0.43,2
280,1,12,10,283618,0,0,0,0,0,0,0,0,0,0,0,0,0,0,0,0,0,1,1,0.00,0.00,0.00,0.00,1.00,0.00,0.00,22,9,0.14,0.09,0.14,0.33,0.00,0.00,0.00,0.00,3
0,1,12,10,12,0,0,0,0,0,0,0,0,0,0,0,0,0,0,0,0,0,1,1,0.00,0.00,0.00,0.00,1.00,0.00,0.00,8,15,0.88,0.25,0.88,0.13,0.00,0.00,0.00,0.00,3
0,1,35,6,0,0,0,0,0,0,0,0,0,0,0,0,0,0,0,0,0,0,1,3,1.00,1.00,0.00,0.00,1.00,0.00,1.00,148,86,0.34,0.02,0.01,0.02,1.00,1.00,0.00,0.00,2
282,1,70,10,158,595,0,0,0,2,0,1,0,0,0,0,0,0,0,0,0,1,1,1,0.00,0.00,0.00,0.00,1.00,0.00,0.00,255,16,0.06,0.76,0.00,0.00,0.00,0.06,0.73,0.00,3
0,1,47,5,0,0,0,0,0,0,0,0,0,0,0,0,0,0,0,0,0,0,2,1,0.00,0.00,0.50,1.00,0.50,1.00,0.00,255,1,0.00,0.02,0.00,0.00,0.00,0.00,0.00,1.00,3
0,1,40,3,0,36,0,0,0,0,0,1,0,0,0,0,0,0,0,0,0,0,1,1,0.00,0.00,1.00,1.00,1.00,0.00,0.00,181,59,0.24,0.03,0.01,0.03,0.00,0.00,0.88,1.00,2
0,1,24,5,0,0,0,0,0,0,0,0,0,0,0,0,0,0,0,0,0,0,3,7,0.00,0.00,1.00,1.00,0.33,1.00,1.00,255,17,0.07,0.03,0.00,0.00,0.01,0.00,0.34,1.00,2
5,1,40,10,32,93,0,0,0,0,0,1,0,0,0,0,0,0,0,0,0,0,1,1,0.00,0.00,0.00,0.00,1.00,0.00,0.00,5,8,1.00,0.00,0.20,0.38,0.00,0.00,0.00,0.00,3
0,1,47,5,0,0,0,0,0,0,0,0,0,0,0,0,0,0,0,0,0,0,508,1,0.07,0.00,0.93,1.00,0.00,1.00,0.00,255,1,0.00,1.00,0.00,0.00,0.06,0.00,0.94,1.00,2
283,1,70,10,162,597,0,0,0,2,0,1,0,0,0,0,0,0,0,0,0,1,1,1,0.00,0.00,0.00,0.00,1.00,0.00,0.00,255,30,0.12,0.03,0.00,0.00,0.40,0.00,0.02,0.00,3
0,1,47,5,0,0,0,0,0,0,0,0,0,0,0,0,0,0,0,0,0,0,511,1,0.13,0.00,0.87,1.00,0.00,1.00,0.00,255,1,0.00,0.94,0.00,0.00,0.12,0.00,0.88,1.00,2
3,1,40,10,32,93,0,0,0,0,0,1,0,0,0,0,0,0,0,0,0,0,1,1,0.00,0.00,0.00,0.00,1.00,0.00,0.00,255,171,0.67,0.02,0.00,0.00,0.00,0.00,0.11,0.00,3
280,1,12,10,283618,0,0,0,0,0,0,0,0,0,0,0,0,0,0,0,0,0,2,2,0.00,0.00,0.00,0.00,1.00,0.00,0.00,6,12,1.00,0.00,1.00,0.25,0.00,0.00,0.00,0.00,3
0,1,33,10,122,174,0,0,0,0,1,0,0,0,0,0,0,0,0,0,0,0,1,1,0.00,0.00,0.00,0.00,1.00,0.00,0.00,255,182,0.71,0.02,0.00,0.00,0.00,0.00,0.02,0.03,3
0,1,35,3,0,44,0,0,0,0,0,0,0,0,0,0,0,0,0,0,0,0,2,8,0.00,0.00,1.00,0.88,0.50,1.00,1.00,226,59,0.23,0.02,0.00,0.03,0.00,0.00,0.89,0.97,2
0,1,21,5,0,0,0,0,0,0,0,0,0,0,0,0,0,0,0,0,0,0,95,1,0.02,0.00,0.98,1.00,0.01,0.86,0.00,104,1,0.01,0.80,0.91,0.00,0.02,0.00,0.89,1.00,2
0,1,40,5,0,0,0,0,0,0,0,0,0,0,0,0,0,0,0,0,0,0,3,20,0.00,0.05,1.00,0.85,0.33,1.00,1.00,255,12,0.05,0.03,0.00,0.00,0.00,0.00,0.16,1.00,2
0,2,21,10,1,1,0,0,0,0,0,0,0,0,0,0,0,0,0,0,0,0,94,1,0.00,0.00,0.00,0.00,0.01,0.63,0.00,255,1,0.00,0.85,0.51,0.00,0.05,0.00,0.43,0.00,2
2,1,33,10,24,715,0,0,0,0,0,0,0,0,0,0,0,0,0,0,0,0,4,7,0.00,0.14,0.75,0.29,0.50,0.75,0.71,255,53,0.21,0.03,0.00,0.00,0.00,0.00,0.35,0.51,2
0,1,47,5,0,0,0,0,0,0,0,0,0,0,0,0,0,0,0,0,0,0,458,1,0.16,0.00,0.84,1.00,0.00,1.00,0.00,255,1,0.00,0.09,0.00,0.00,0.00,0.00,0.09,1.00,2
7,1,40,10,30,93,0,0,0,0,0,1,0,0,0,0,0,0,0,0,0,0,2,1,0.00,0.00,0.00,0.00,0.50,1.00,0.00,255,249,0.98,0.01,0.00,0.00,0.00,0.00,0.02,0.00,3
6,1,40,10,30,93,0,0,0,0,0,1,0,0,0,0,0,0,0,0,0,0,1,1,0.00,0.00,0.00,0.00,1.00,0.00,0.00,255,251,0.98,0.01,0.00,0.00,0.00,0.00,0.00,0.00,3
0,1,21,5,0,0,0,0,0,0,0,0,0,0,0,0,0,0,0,0,0,0,341,1,0.14,0.00,0.83,1.00,0.00,1.00,0.00,255,1,0.00,0.98,0.00,0.00,0.17,0.00,0.80,1.00,2
0,2,21,10,49,0,0,0,0,0,0,0,0,0,0,0,0,0,0,0,0,0,1,1,0.00,0.00,0.00,0.00,1.00,0.00,0.00,255,255,1.00,0.00,0.01,0.00,0.00,0.00,0.00,0.00,3
0,1,33,10,123,174,0,0,0,0,1,0,0,0,0,0,0,0,0,0,0,0,2,2,0.00,0.00,0.00,0.00,1.00,0.00,0.00,255,255,1.00,0.00,0.00,0.00,0.01,0.01,0.02,0.02,3
4,1,40,10,32,93,0,0,0,0,0,1,0,0,0,0,0,0,0,0,0,0,1,1,0.00,0.00,0.00,0.00,1.00,0.00,0.00,255,151,0.59,0.02,0.00,0.00,0.00,0.00,0.14,0.00,3
0,1,47,5,0,0,0,0,0,0,0,0,0,0,0,0,0,0,0,0,0,0,432,1,0.04,0.00,0.96,1.00,0.00,1.00,0.00,255,1,0.00,1.00,0.00,0.00,0.03,0.00,0.97,1.00,2
0,1,40,10,30,217,0,0,0,0,0,1,0,0,0,0,0,0,0,0,0,0,1,1,0.00,0.00,0.00,0.00,1.00,0.00,0.00,255,2,0.01,0.02,0.00,0.00,0.00,0.00,0.00,0.00,3
0,2,21,10,105,0,0,0,0,0,0,0,0,0,0,0,0,0,0,0,0,0,1,1,0.00,0.00,0.00,0.00,1.00,0.00,0.00,255,251,0.98,0.01,0.01,0.00,0.00,0.00,0.00,0.00,3
0,1,47,5,0,0,0,0,0,0,0,0,0,0,0,0,0,0,0,0,0,0,511,1,0.08,0.00,0.92,1.00,0.00,1.00,0.00,255,1,0.00,1.00,0.00,0.00,0.13,0.00,0.87,1.00,2
1,1,40,3,0,36,0,0,0,0,0,1,0,0,0,0,0,0,0,0,0,0,2,9,0.00,0.00,1.00,1.00,0.50,1.00,1.00,255,41,0.16,0.02,0.00,0.00,0.00,0.00,0.60,1.00,2
0,2,47,10,23,0,0,0,0,0,0,0,0,0,0,0,0,0,0,0,0,0,1,1,0.00,0.00,0.00,0.00,1.00,0.00,0.00,255,1,0.00,0.03,0.00,0.00,0.00,0.00,0.00,0.00,3
0,1,40,6,0,0,0,0,0,0,0,0,0,0,0,0,0,0,0,0,0,0,1,3,1.00,1.00,0.00,0.00,1.00,0.00,1.00,45,64,0.33,0.07,0.02,0.03,1.00,0.23,0.00,0.77,2
0,1,47,6,0,0,0,0,0,0,0,0,0,0,0,0,0,0,0,0,0,0,477,1,0.05,1.00,0.95,0.00,0.00,1.00,0.00,255,1,0.00,1.00,0.00,0.00,0.05,1.00,0.95,0.00,2
4,1,40,10,28,93,0,0,0,0,0,1,0,0,0,0,0,0,0,0,0,0,1,1,0.00,0.00,0.00,0.00,1.00,0.00,0.00,255,224,0.88,0.04,0.00,0.00,0.00,0.00,0.00,0.00,3
0,2,21,10,105,147,0,0,0,0,0,0,0,0,0,0,0,0,0,0,0,0,1,1,0.00,0.00,0.00,0.00,1.00,0.00,0.00,255,248,0.97,0.01,0.01,0.00,0.00,0.00,0.00,0.00,3
0,1,33,10,119,188,0,0,0,0,1,0,0,0,0,0,0,0,0,0,0,0,2,2,0.00,0.00,0.00,0.00,1.00,0.00,0.00,255,33,0.13,0.02,0.00,0.00,0.00,0.00,0.00,0.03,3
0,1,47,5,0,0,0,0,0,0,0,0,0,0,0,0,0,0,0,0,0,0,509,1,0.01,0.00,0.96,1.00,0.00,1.00,0.00,255,1,0.00,1.00,0.00,0.00,0.00,0.00,0.97,1.00,2
0,1,21,11,0,0,0,0,0,0,0,0,0,0,0,0,0,0,0,0,0,0,1,1,1.00,1.00,0.00,0.00,1.00,0.00,0.00,192,1,0.01,0.99,0.99,0.00,0.99,1.00,0.00,0.00,2
0,1,24,5,0,0,0,0,0,0,0,0,0,0,0,0,0,0,0,0,0,0,4,1,0.00,0.00,0.75,1.00,0.25,1.00,0.00,148,52,0.19,0.03,0.01,0.04,0.00,0.00,0.89,1.00,2
0,1,47,5,0,0,0,0,0,0,0,0,0,0,0,0,0,0,0,0,0,0,508,1,0.00,0.00,1.00,1.00,0.00,0.99,0.00,255,1,0.00,1.00,0.00,0.00,0.00,0.00,1.00,1.00,2
0,1,47,5,0,0,0,0,0,0,0,0,0,0,0,0,0,0,0,0,0,0,2,1,0.00,0.00,0.50,1.00,0.50,1.00,0.00,255,32,0.13,0.02,0.00,0.00,0.00,0.00,0.11,0.75,3
7,1,40,10,30,93,0,0,0,0,0,1,0,0,0,0,0,0,0,0,0,0,1,1,0.00,0.00,0.00,0.00,1.00,0.00,0.00,255,246,0.96,0.01,0.00,0.00,0.00,0.00,0.00,0.00,3
280,1,12,10,283618,0,0,0,0,0,0,0,0,0,0,0,0,0,0,0,0,0,1,1,0.00,0.00,0.00,0.00,1.00,0.00,0.00,3,15,1.00,0.00,1.00,0.13,0.00,0.00,0.00,0.00,3
2,1,33,10,24,109,0,0,0,0,0,0,0,0,0,0,0,0,0,0,0,0,3,6,0.00,0.00,0.67,0.50,0.67,0.67,0.50,45,85,0.33,0.11,0.02,0.02,0.00,0.00,0.87,0.69,2
0,2,21,10,1,1,0,0,0,0,0,0,0,0,0,0,0,0,0,0,0,0,105,1,0.00,0.00,0.00,0.00,0.01,1.00,0.00,255,1,0.00,1.00,1.00,0.00,0.00,0.00,0.00,0.00,2
0,1,40,6,0,0,0,0,0,0,0,0,0,0,0,0,0,0,0,0,0,0,1,3,1.00,1.00,0.00,0.00,1.00,0.00,1.00,63,85,0.33,0.05,0.03,0.04,1.00,1.00,0.00,0.00,2
0,3,36,10,20,0,0,0,0,0,0,0,0,0,0,0,0,0,0,0,0,0,1,42,0.00,0.00,0.00,0.00,1.00,0.00,1.00,1,42,1.00,0.00,1.00,0.29,0.00,0.00,0.00,0.00,2
0,1,33,10,123,174,0,0,0,0,1,0,0,0,0,0,0,0,0,0,0,0,2,2,0.00,0.00,0.00,0.00,1.00,0.00,0.00,255,49,0.19,0.02,0.00,0.00,0.00,0.00,0.01,0.04,3
0,2,21,10,105,147,0,0,0,0,0,0,0,0,0,0,0,0,0,0,0,0,1,1,0.00,0.00,0.00,0.00,1.00,0.00,0.00,237,235,0.99,0.01,0.00,0.00,0.00,0.00,0.00,0.00,3
1,1,33,10,6,54,0,0,0,0,0,0,0,0,0,0,0,0,0,0,0,0,4,5,0.00,0.20,0.50,0.40,0.50,0.75,0.60,255,83,0.33,0.10,0.00,0.00,0.00,0.00,0.33,0.48,2
0,2,21,10,47,0,0,0,0,0,0,0,0,0,0,0,0,0,0,0,0,0,1,1,0.00,0.00,0.00,0.00,1.00,0.00,0.00,255,255,1.00,0.00,0.01,0.00,0.00,0.00,0.00,0.00,3
0,3,36,10,8,0,0,0,0,0,0,0,0,0,0,0,0,0,0,0,0,0,1,34,0.00,0.00,0.00,0.00,1.00,0.00,1.00,2,51,1.00,0.00,1.00,0.51,0.00,0.00,0.00,0.00,2
280,1,12,10,283618,0,0,0,0,0,0,0,0,0,0,0,0,0,0,0,0,0,2,2,0.00,0.00,0.00,0.00,1.00,0.00,0.00,4,14,1.00,0.00,1.00,0.14,0.00,0.00,0.00,0.00,3
0,2,47,10,1,1,0,0,0,0,0,0,0,0,0,0,0,0,0,0,0,0,85,1,0.00,0.00,0.00,0.00,0.01,1.00,0.00,255,1,0.00,0.50,0.99,0.00,0.00,0.00,0.00,0.00,2
5,1,40,10,26,93,0,0,0,0,0,1,0,0,0,0,0,0,0,0,0,0,1,1,0.00,0.00,0.00,0.00,1.00,0.00,0.00,148,131,0.88,0.02,0.01,0.02,0.00,0.00,0.07,0.00,3
0,1,21,2,0,0,0,0,0,0,0,0,0,0,0,0,0,0,0,0,0,0,1,1,0.00,0.00,1.00,1.00,1.00,0.00,0.00,255,1,0.00,0.84,0.81,0.00,0.00,0.00,0.82,1.00,2
288,1,70,10,160,597,0,0,0,2,0,1,0,0,0,0,0,0,0,0,0,1,1,1,0.00,0.00,0.00,0.00,1.00,0.00,0.00,101,6,0.06,0.62,0.01,0.00,0.00,0.00,0.62,0.17,3
4,1,40,10,32,93,0,0,0,0,0,1,0,0,0,0,0,0,0,0,0,0,1,1,0.00,0.00,0.00,0.00,1.00,0.00,0.00,255,137,0.54,0.02,0.00,0.00,0.00,0.00,0.17,0.00,3
0,2,21,10,1,1,0,0,0,0,0,0,0,0,0,0,0,0,0,0,0,0,57,1,0.00,0.00,0.00,0.00,0.02,1.00,0.00,255,1,0.00,0.70,0.96,0.00,0.00,0.00,0.04,0.00,2
0,1,40,3,0,36,0,0,0,0,0,1,0,0,0,0,0,0,0,0,0,0,3,4,0.00,0.00,1.00,1.00,0.33,1.00,1.00,255,26,0.10,0.03,0.00,0.00,0.00,0.00,0.35,0.96,2
0,2,21,10,105,147,0,0,0,0,0,0,0,0,0,0,0,0,0,0,0,0,1,1,0.00,0.00,0.00,0.00,1.00,0.00,0.00,43,42,0.98,0.05,0.02,0.00,0.00,0.00,0.00,0.00,3
0,1,12,10,12,0,0,0,0,0,0,0,0,0,0,0,0,0,0,0,0,0,1,1,0.00,0.00,0.00,0.00,1.00,0.00,0.00,7,25,1.00,0.00,1.00,0.12,0.00,0.00,0.00,0.00,3
0,1,33,10,121,174,0,0,0,0,1,0,0,0,0,0,0,0,0,0,0,0,1,1,0.00,0.00,0.00,0.00,1.00,0.00,0.00,255,112,0.44,0.02,0.00,0.00,0.00,0.00,0.01,0.03,3
0,1,70,10,26,157,0,0,0,0,1,0,0,0,0,0,0,0,0,0,0,1,1,1,0.00,0.00,0.00,0.00,1.00,0.00,0.00,255,129,0.51,0.03,0.00,0.00,0.00,0.00,0.00,0.00,3
0,2,21,10,46,0,0,0,0,0,0,0,0,0,0,0,0,0,0,0,0,0,6,6,0.00,0.00,0.00,0.00,1.00,0.00,0.00,255,255,1.00,0.00,0.00,0.00,0.00,0.00,0.00,0.00,3
0,1,47,5,0,0,0,0,0,0,0,0,0,0,0,0,0,0,0,0,0,0,2,1,0.00,0.00,0.50,1.00,0.50,1.00,0.00,255,2,0.01,0.02,0.00,0.00,0.00,0.00,0.01,1.00,3
0,1,21,5,0,0,0,0,0,0,0,0,0,0,0,0,0,0,0,0,0,0,13,1,0.00,0.00,1.00,1.00,0.08,0.54,0.00,16,1,0.06,0.50,0.81,0.00,0.00,0.00,0.81,1.00,2
0,2,21,10,105,146,0,0,0,0,0,0,0,0,0,0,0,0,0,0,0,0,1,1,0.00,0.00,0.00,0.00,1.00,0.00,0.00,169,168,0.99,0.01,0.01,0.00,0.00,0.00,0.00,0.00,3
4,1,40,10,32,93,0,0,0,0,0,1,0,0,0,0,0,0,0,0,0,0,1,1,0.00,0.00,0.00,0.00,1.00,0.00,0.00,103,88,0.84,0.03,0.01,0.02,0.00,0.00,0.10,0.00,3
0,1,21,11,0,0,0,0,0,0,0,0,0,0,0,0,0,0,0,0,0,0,1,1,1.00,1.00,0.00,0.00,1.00,0.00,0.00,168,1,0.01,0.99,0.99,0.00,0.99,1.00,0.00,0.00,2
0,1,12,10,12,0,0,0,0,0,0,0,0,0,0,0,0,0,0,0,0,0,1,1,0.00,0.00,0.00,0.00,1.00,0.00,0.00,14,21,0.93,0.14,0.93,0.10,0.00,0.00,0.00,0.00,3
0,1,33,10,122,174,0,0,0,0,1,0,0,0,0,0,0,0,0,0,0,0,1,1,0.00,0.00,0.00,0.00,1.00,0.00,0.00,255,25,0.10,0.02,0.00,0.00,0.00,0.00,0.00,0.04,3
0,3,36,10,20,0,0,0,0,0,0,0,0,0,0,0,0,0,0,0,0,0,1,55,0.00,0.00,0.00,0.00,1.00,0.00,1.00,1,101,1.00,0.00,1.00,0.26,0.00,0.00,0.00,0.00,2
0,1,47,5,0,0,0,0,0,0,0,0,0,0,0,0,0,0,0,0,0,0,493,1,0.09,0.00,0.91,1.00,0.00,1.00,0.00,255,1,0.00,1.00,0.00,0.00,0.13,0.00,0.87,1.00,2
0,3,36,10,18,0,0,0,0,0,0,0,0,0,0,0,0,0,0,0,0,0,1,1,0.00,0.00,0.00,0.00,1.00,0.00,0.00,1,253,1.00,0.00,1.00,1.00,0.00,0.00,0.00,0.00,2
0,1,24,5,0,0,0,0,0,0,0,0,0,0,0,0,0,0,0,0,0,0,1,5,0.00,0.00,1.00,1.00,1.00,0.00,1.00,199,53,0.20,0.03,0.01,0.04,0.00,0.00,0.88,1.00,2
5,1,35,10,0,0,0,0,0,0,0,0,0,0,0,0,0,0,0,0,0,0,2,1,0.00,0.00,0.50,0.00,0.50,1.00,0.00,187,51,0.20,0.03,0.01,0.04,0.00,0.00,0.17,0.27,2
0,2,47,10,1,1,0,0,0,0,0,0,0,0,0,0,0,0,0,0,0,0,145,1,0.00,0.00,0.00,0.00,0.01,1.00,0.00,255,1,0.00,0.62,0.99,0.00,0.00,0.00,0.00,0.00,2
58,1,33,10,2615,4233,0,0,0,5,0,1,2,1,0,0,0,0,0,0,0,0,1,1,0.00,0.00,0.00,0.00,1.00,0.00,0.00,10,2,0.20,0.20,0.10,0.00,0.00,0.00,0.00,0.00,4
1964,1,33,10,3760,29364,0,0,0,2,0,1,8,1,0,4,4,0,0,0,0,0,1,1,0.00,0.00,0.00,0.00,1.00,0.00,0.00,255,3,0.01,0.84,0.00,0.00,0.00,0.00,0.83,0.00,4
84,1,33,10,277,1089,0,0,0,2,0,1,1,1,0,0,4,2,0,0,0,0,1,1,0.00,0.00,0.00,0.00,1.00,0.00,0.00,255,1,0.00,0.07,0.00,0.00,0.14,0.00,0.86,0.00,4
5,1,70,10,95,332,0,0,0,1,0,1,0,0,0,0,1,0,0,0,0,0,1,1,0.00,0.00,0.00,0.00,1.00,0.00,0.00,247,90,0.36,0.03,0.00,0.00,0.00,0.00,0.00,0.00,4
293,1,33,10,2773,41955,0,0,0,1,0,1,14,1,0,23,1,1,1,0,0,0,1,1,0.00,0.00,0.00,0.00,1.00,0.00,0.00,5,3,0.60,0.40,0.20,0.00,0.00,0.00,0.00,0.00,4
30,1,33,10,137,1403,0,0,0,0,0,1,0,0,0,0,1,0,0,0,0,0,1,1,0.00,0.00,0.00,0.00,1.00,0.00,0.00,235,17,0.07,0.03,0.00,0.00,0.00,0.00,0.00,0.00,4
0,1,12,10,3346,0,0,0,0,0,0,0,0,0,0,0,0,0,0,0,0,0,1,1,0.00,0.00,0.00,0.00,1.00,0.00,0.00,255,44,0.17,0.03,0.17,0.00,0.45,0.00,0.02,0.00,4
242,1,33,10,504,27200,0,0,1,2,0,1,165,1,0,173,3,0,2,0,0,0,1,1,0.00,0.00,0.00,0.00,1.00,0.00,0.00,2,2,1.00,0.00,0.50,0.00,0.00,0.00,0.00,0.00,4
0,1,12,10,0,3249,0,0,0,0,0,0,0,0,0,0,0,0,0,0,0,0,1,1,0.00,0.00,0.00,0.00,1.00,0.00,0.00,1,11,1.00,0.00,1.00,0.27,0.00,0.00,0.00,0.00,4
0,1,12,10,0,5928,0,0,0,0,0,0,0,0,0,0,0,0,0,0,0,0,2,2,0.00,0.00,0.00,0.00,1.00,0.00,0.00,2,8,1.00,0.00,1.00,0.25,0.00,0.00,0.00,0.00,4
184,1,33,10,2923,5285,0,0,1,2,0,1,11,1,0,17,1,1,0,0,0,0,1,1,0.00,0.00,0.00,0.00,1.00,0.00,0.00,1,2,1.00,0.00,1.00,1.00,0.00,0.00,0.00,0.00,4
253,1,33,10,1734,3196,0,0,0,3,0,1,2,1,0,0,1,0,0,0,0,0,1,1,0.00,0.00,0.00,0.00,1.00,0.00,0.00,251,24,0.10,0.02,0.00,0.00,0.00,0.04,0.00,0.04,4
0,1,12,10,45,0,0,0,0,0,0,0,0,0,0,0,0,0,0,0,0,0,1,1,0.00,0.00,0.00,0.00,1.00,0.00,0.00,255,50,0.20,0.03,0.20,0.00,0.29,0.00,0.02,0.00,4
40,1,33,10,258,2625,0,0,0,0,0,1,0,0,0,0,2,1,0,0,0,0,1,1,0.00,0.00,0.00,0.00,1.00,0.00,0.00,28,2,0.04,0.21,0.04,1.00,0.00,0.00,0.07,0.00,4
0,1,12,10,0,3249,0,0,0,0,0,0,0,0,0,0,0,0,0,0,0,0,1,1,0.00,0.00,0.00,0.00,1.00,0.00,0.00,242,20,0.05,0.03,0.05,0.10,0.01,0.00,0.00,0.00,4
135,1,33,10,353,5769,0,0,0,4,0,1,8,1,0,7,2,0,1,0,0,0,1,1,0.00,0.00,0.00,0.00,1.00,0.00,0.00,255,141,0.55,0.03,0.00,0.00,0.48,0.86,0.02,0.01,4
10,1,12,10,256000,0,0,0,0,0,0,0,0,0,0,0,0,0,0,0,0,0,1,1,0.00,0.00,0.00,0.00,1.00,0.00,0.00,255,51,0.20,0.03,0.20,0.00,0.29,0.00,0.02,0.00,4
75,1,33,10,277,1087,0,0,0,2,0,1,1,1,0,0,4,2,0,0,0,0,1,1,0.00,0.00,0.00,0.00,1.00,0.00,0.00,137,101,0.74,0.04,0.01,0.00,0.73,0.99,0.00,0.00,4
2,1,33,10,398,3881,0,0,1,1,0,1,0,1,0,4,3,1,1,0,0,0,1,1,0.00,0.00,0.00,0.00,1.00,0.00,0.00,153,19,0.12,0.10,0.01,0.00,0.00,0.00,0.02,0.00,4
54,1,70,10,148,643,0,0,0,2,0,1,0,0,0,0,0,0,0,0,0,0,1,1,0.00,0.00,0.00,0.00,1.00,0.00,0.00,192,1,0.01,0.04,0.01,0.00,0.00,0.00,0.00,0.00,4
2224,1,33,10,3548,37496,0,0,0,0,1,1,15,0,0,3,4,0,1,0,0,0,1,1,0.00,0.00,0.00,0.00,1.00,0.00,0.00,255,164,0.64,0.02,0.00,0.00,0.59,0.91,0.02,0.01,4
23,1,70,10,146,650,0,0,0,2,1,1,0,0,0,0,0,0,0,0,1,0,1,1,0.00,0.00,0.00,0.00,1.00,0.00,0.00,3,1,0.33,0.67,0.33,0.00,0.00,0.00,0.00,0.00,4
2,1,33,10,398,3881,0,0,1,1,0,1,0,1,0,4,3,1,1,0,0,0,1,1,0.00,0.00,0.00,0.00,1.00,0.00,0.00,255,22,0.09,0.02,0.00,0.00,0.00,0.00,0.00,0.00,4
154,1,33,10,1510,3349,0,0,0,3,0,1,2,1,0,0,1,0,0,0,0,0,1,1,0.00,0.00,0.00,0.00,1.00,0.00,0.00,255,35,0.14,0.03,0.00,0.00,0.00,0.00,0.00,0.00,4
73,1,33,10,3222,4004,0,0,2,1,0,1,1,1,0,0,0,0,0,0,0,0,1,1,0.00,0.00,0.00,0.00,1.00,0.00,0.00,9,6,0.67,0.33,0.11,0.00,0.00,0.00,0.00,0.00,4
72,1,33,10,2783,15142,0,0,0,10,0,1,2,1,0,0,0,0,0,0,0,0,1,1,0.00,0.00,0.00,0.00,1.00,0.00,0.00,255,56,0.22,0.15,0.00,0.00,0.00,0.00,0.98,0.98,4
54,1,33,10,3256,36458,0,0,2,1,0,1,25,1,0,2,0,0,1,0,0,0,1,1,0.00,0.00,0.00,0.00,1.00,0.00,0.00,95,96,0.41,0.05,0.01,0.02,0.00,0.00,0.17,0.52,4
0,1,12,10,116,0,0,0,0,0,0,0,0,0,0,0,0,0,0,0,0,0,1,1,0.00,0.00,0.00,0.00,1.00,0.00,0.00,255,52,0.20,0.03,0.20,0.00,0.20,0.00,0.02,0.00,4
19,1,70,10,127,649,0,0,0,1,0,1,0,0,0,0,0,0,0,0,1,0,1,1,0.00,0.00,0.00,0.00,1.00,0.00,0.00,3,1,0.33,0.67,0.33,0.00,0.00,0.00,0.00,0.00,4
61,1,33,10,195,2051,0,0,0,1,0,1,0,0,0,0,2,1,0,0,0,0,1,1,0.00,0.00,0.00,0.00,1.00,0.00,0.00,97,29,0.30,0.03,0.01,0.00,0.01,0.03,0.00,0.00,4
26,1,33,10,156,1561,0,0,0,7,0,1,1,1,0,0,0,0,0,0,0,0,1,1,0.00,0.00,0.00,0.00,1.00,0.00,0.00,255,162,0.64,0.02,0.00,0.00,0.00,0.01,0.39,0.24,4
31,1,70,10,189,541,0,0,0,3,0,1,0,0,0,0,0,0,0,0,1,0,1,1,0.00,0.00,0.00,0.00,1.00,0.00,0.00,1,1,1.00,0.00,1.00,0.00,0.00,0.00,0.00,0.00,4
804,1,33,10,1589,36386,0,0,3,7,0,1,49,1,0,145,1,0,0,0,0,0,1,1,0.00,0.00,0.00,0.00,1.00,0.00,0.00,18,4,0.22,0.17,0.06,0.00,0.00,0.00,0.06,0.25,4
31,1,33,10,198,1608,0,0,0,1,0,1,1,0,0,1,2,1,0,0,0,0,1,1,0.00,0.00,0.00,0.00,1.00,0.00,0.00,29,3,0.10,0.10,0.03,0.00,0.00,0.00,0.00,0.00,4
0,1,12,10,2209,0,0,0,0,0,0,0,0,0,0,0,0,0,0,0,0,0,1,1,0.00,0.00,0.00,0.00,1.00,0.00,0.00,4,2,0.50,0.50,0.50,0.00,0.00,0.00,0.00,0.00,4
198,1,33,10,2442,10661,0,0,0,2,0,1,6,1,0,4,0,0,0,0,0,0,1,1,0.00,0.00,0.00,0.00,1.00,0.00,0.00,255,1,0.00,0.37,0.00,0.00,0.00,0.00,0.00,0.00,4
31,1,33,10,197,1644,0,0,0,1,0,1,1,0,0,1,2,1,0,0,0,0,1,1,0.00,0.00,0.00,0.00,1.00,0.00,0.00,255,172,0.67,0.02,0.00,0.00,0.63,0.94,0.02,0.00,4
314,1,33,10,2602,3167,0,0,0,1,0,1,4,0,0,8,4,1,0,0,0,0,1,1,0.00,0.00,0.00,0.00,1.00,0.00,0.00,2,5,1.00,0.00,0.50,0.80,0.00,0.00,0.00,0.00,4
73,1,33,10,3741,25423,0,0,2,6,0,1,0,1,0,0,0,0,0,0,0,0,1,1,0.00,0.00,0.00,0.00,1.00,0.00,0.00,6,4,0.67,0.33,0.17,0.00,0.00,0.00,0.00,0.00,4
49,1,70,10,158,504,0,0,0,2,0,1,0,0,0,0,0,0,0,0,0,0,1,1,0.00,0.00,0.00,0.00,1.00,0.00,0.00,199,2,0.01,0.04,0.01,0.00,0.00,0.00,0.00,0.00,4
0,1,12,10,10946,0,0,0,0,0,0,0,0,0,0,0,0,0,0,0,0,0,1,2,0.00,0.00,0.00,0.00,1.00,0.00,1.00,3,1,0.33,0.67,0.33,0.00,0.00,0.00,0.00,0.00,4
62,1,33,10,2615,4233,0,0,0,5,0,1,2,1,0,0,0,0,0,0,0,0,1,1,0.00,0.00,0.00,0.00,1.00,0.00,0.00,255,1,0.00,0.07,0.00,0.00,1.00,0.00,0.00,0.00,4
6,1,70,10,94,332,0,0,0,1,0,1,0,0,0,0,1,0,0,0,0,0,1,1,0.00,0.00,0.00,0.00,1.00,0.00,0.00,96,1,0.01,0.03,0.01,0.00,0.01,0.00,0.00,0.00,4
92,1,33,10,2458,9336,0,0,0,6,0,1,8,1,0,2,0,0,0,0,0,0,1,1,0.00,0.00,0.00,0.00,1.00,0.00,0.00,146,19,0.13,0.03,0.01,0.00,0.00,0.00,0.00,0.00,4
6,1,70,10,50,199,0,0,0,0,0,1,0,0,0,0,0,0,0,0,0,0,1,1,0.00,0.00,0.00,0.00,1.00,0.00,0.00,25,19,0.76,0.12,0.04,0.00,0.00,0.00,0.00,0.00,4
21,1,70,10,132,572,0,0,0,2,0,1,0,0,0,0,0,0,0,0,1,0,1,1,0.00,0.00,0.00,0.00,1.00,0.00,0.00,18,1,0.06,0.17,0.06,0.00,0.00,0.00,0.00,0.00,4
0,1,12,10,0,5020,0,0,0,0,0,0,0,0,0,0,0,0,0,0,0,0,3,3,0.00,0.00,0.00,0.00,1.00,0.00,0.00,3,9,1.00,0.00,1.00,0.22,0.00,0.00,0.00,0.00,4
84,1,33,10,2742,5433,0,0,0,6,0,1,5,1,0,1,1,1,0,0,0,0,1,1,0.00,0.00,0.00,0.00,1.00,0.00,0.00,255,1,0.00,0.01,0.00,0.00,0.00,0.00,0.00,0.00,4
1,1,33,10,117,1357,0,0,0,0,0,1,0,0,0,0,0,0,0,0,0,0,1,1,0.00,0.00,0.00,0.00,1.00,0.00,0.00,26,2,0.08,0.12,0.04,0.00,0.00,0.00,0.00,0.00,4
69,1,33,10,2458,223095,0,0,0,6,0,1,36,1,0,31,0,0,0,0,0,0,1,1,0.00,0.00,0.00,0.00,1.00,0.00,0.00,120,28,0.23,0.03,0.01,0.00,0.00,0.00,0.00,0.00,4
0,1,12,10,283618,0,0,0,0,0,0,0,0,0,0,0,0,0,0,0,0,0,1,1,0.00,0.00,0.00,0.00,1.00,0.00,0.00,20,33,0.50,0.15,0.50,0.06,0.00,0.00,0.05,0.00,4
0,1,12,10,3346,0,0,0,0,0,0,0,0,0,0,0,0,0,0,0,0,0,1,1,0.00,0.00,0.00,0.00,1.00,0.00,0.00,255,49,0.19,0.03,0.19,0.00,0.32,0.00,0.02,0.00,4
89,1,33,10,3750,27510,0,0,2,3,0,1,23,1,0,0,0,0,0,0,0,0,1,1,0.00,0.00,0.00,0.00,1.00,0.00,0.00,4,90,0.50,0.50,0.25,0.03,0.00,0.01,0.00,0.62,4
35,1,70,10,96,533,0,0,0,1,0,1,0,0,0,0,0,0,0,0,0,0,1,1,0.00,0.00,0.00,0.00,1.00,0.00,0.00,221,3,0.01,0.03,0.00,0.00,0.00,0.00,0.00,0.00,4
0,1,12,10,2209,0,0,0,0,0,0,0,0,0,0,0,0,0,0,0,0,0,1,1,0.00,0.00,0.00,0.00,1.00,0.00,0.00,2,1,0.50,1.00,0.50,0.00,0.00,0.00,0.00,0.00,4
0,1,12,10,195,0,0,0,0,0,0,0,0,0,0,0,0,0,0,0,0,0,1,1,0.00,0.00,0.00,0.00,1.00,0.00,0.00,19,32,0.47,0.16,0.47,0.06,0.00,0.00,0.05,0.00,4
373,1,33,10,2954,4768,0,0,0,0,0,1,3,0,0,1,6,0,1,0,0,0,1,1,0.00,0.00,0.00,0.00,1.00,0.00,0.00,255,13,0.05,0.72,0.00,0.00,0.00,0.00,0.69,0.08,4
71,1,33,10,2783,15242,0,0,0,10,0,1,2,1,0,0,0,0,0,0,0,0,1,1,0.00,0.00,0.00,0.00,1.00,0.00,0.00,255,1,0.00,0.01,0.00,0.00,0.00,0.00,0.00,0.00,4
192,1,33,10,1713,18570,0,0,0,3,0,1,49,1,0,45,2,1,2,0,0,0,1,1,0.00,0.00,0.00,0.00,1.00,0.00,0.00,151,32,0.04,0.03,0.01,0.06,0.00,0.00,0.00,0.53,4
988,1,33,10,1773,32209,0,0,0,4,0,1,57,1,0,51,7,5,0,0,0,0,1,1,0.00,0.00,0.00,0.00,1.00,0.00,0.00,255,104,0.41,0.03,0.00,0.00,0.33,0.77,0.02,0.01,4
684,1,33,10,2715,13392,0,0,0,1,1,1,8,0,0,3,5,0,0,0,0,0,1,1,0.00,0.00,0.00,0.00,1.00,0.00,0.00,255,14,0.05,0.71,0.00,0.00,0.00,0.00,0.68,0.07,4
5,1,70,10,94,333,0,0,0,1,0,1,0,0,0,0,1,0,0,0,0,0,1,1,0.00,0.00,0.00,0.00,1.00,0.00,0.00,27,20,0.74,0.11,0.04,0.00,0.00,0.00,0.00,0.00,4
0,1,12,10,0,3249,0,0,0,0,0,0,0,0,0,0,0,0,0,0,0,0,1,1,0.00,0.00,0.00,0.00,1.00,0.00,0.00,1,1,1.00,0.00,1.00,0.00,0.00,0.00,0.00,0.00,4
43,1,33,10,260,2611,0,0,0,0,0,1,0,1,0,2,2,1,0,0,0,0,1,1,0.00,0.00,0.00,0.00,1.00,0.00,0.00,255,13,0.05,0.02,0.00,0.00,0.00,0.00,0.03,0.62,4
15,1,70,10,45,214,0,0,0,0,0,1,0,0,0,0,0,0,0,0,0,0,1,1,0.00,0.00,0.00,0.00,1.00,0.00,0.00,226,4,0.02,0.03,0.00,0.00,0.00,0.00,0.00,0.00,4
1,1,54,10,2599,293,0,0,0,0,0,1,0,0,0,0,0,0,0,0,0,0,3,3,0.00,0.00,0.00,0.00,1.00,0.00,0.00,255,203,0.80,0.13,0.00,0.00,0.00,0.00,0.19,0.00,1
1,1,54,10,2599,293,0,0,0,0,0,1,0,0,0,0,0,0,0,0,0,0,2,3,0.00,0.00,0.00,0.00,1.00,0.00,0.67,255,247,0.97,0.04,0.00,0.00,0.00,0.00,0.03,0.00,1
1,1,54,10,2599,293,0,0,0,0,0,1,0,0,0,0,0,0,0,0,0,0,3,3,0.00,0.00,0.00,0.00,1.00,0.00,0.00,255,188,0.74,0.13,0.00,0.00,0.00,0.00,0.25,0.00,1
1,1,54,10,2599,293,0,0,0,0,0,1,0,0,0,0,0,0,0,0,0,0,3,2,0.00,0.00,0.33,0.00,0.67,0.67,0.00,255,26,0.10,0.16,0.00,0.00,0.00,0.00,0.88,0.00,1
1,1,54,10,2599,293,0,0,0,0,0,1,0,0,0,0,0,0,0,0,0,0,3,3,0.00,0.00,0.00,0.00,1.00,0.00,0.00,255,204,0.80,0.13,0.00,0.00,0.00,0.00,0.19,0.00,1
1,1,54,10,2599,293,0,0,0,0,0,1,0,0,0,0,0,0,0,0,0,0,3,3,0.00,0.00,0.00,0.00,1.00,0.00,0.00,255,219,0.86,0.13,0.00,0.00,0.00,0.00,0.13,0.00,1
1,1,54,10,2599,293,0,0,0,0,0,1,0,0,0,0,0,0,0,0,0,0,2,2,0.00,0.00,0.00,0.00,1.00,0.00,0.00,255,144,0.56,0.13,0.00,0.00,0.00,0.00,0.42,0.00,1
1,1,54,10,2599,293,0,0,0,0,0,1,0,0,0,0,0,0,0,0,0,0,2,2,0.00,0.00,0.00,0.00,1.00,0.00,0.00,255,153,0.60,0.13,0.00,0.00,0.00,0.00,0.39,0.00,1
1,1,54,10,2599,293,0,0,0,0,0,1,0,0,0,0,0,0,0,0,0,0,2,2,0.00,0.00,0.00,0.00,1.00,0.00,0.00,255,106,0.42,0.14,0.00,0.00,0.00,0.00,0.57,0.00,1
1,1,54,10,2599,293,0,0,0,0,0,1,0,0,0,0,0,0,0,0,0,0,3,3,0.00,0.00,0.00,0.00,1.00,0.00,0.00,255,15,0.06,0.16,0.00,0.00,0.00,0.00,0.92,0.00,1
1,1,54,10,2599,293,0,0,0,0,0,1,0,0,0,0,0,0,0,0,0,0,3,3,0.00,0.00,0.00,0.00,1.00,0.00,0.00,255,131,0.51,0.15,0.00,0.00,0.00,0.00,0.47,0.00,1
1,1,54,10,2599,293,0,0,0,0,0,1,0,0,0,0,0,0,0,0,0,0,2,2,0.00,0.00,0.00,0.00,1.00,0.00,0.00,255,169,0.66,0.13,0.00,0.00,0.00,0.00,0.33,0.00,1
1,1,54,10,2599,293,0,0,0,0,0,1,0,0,0,0,0,0,0,0,0,0,1,1,0.00,0.00,0.00,0.00,1.00,0.00,0.00,255,247,0.97,0.04,0.00,0.00,0.00,0.00,0.03,0.00,1
1,1,54,10,2599,293,0,0,0,0,0,1,0,0,0,0,0,0,0,0,0,0,3,3,0.00,0.00,0.00,0.00,1.00,0.00,0.00,255,6,0.02,0.16,0.00,0.00,0.00,0.00,0.96,0.00,1
1,1,54,10,2599,293,0,0,0,0,0,1,0,0,0,0,0,0,0,0,0,0,2,2,0.00,0.00,0.00,0.00,1.00,0.00,0.00,255,185,0.73,0.13,0.00,0.00,0.00,0.00,0.26,0.00,1
1,1,54,10,2599,293,0,0,0,0,0,1,0,0,0,0,0,0,0,0,0,0,3,2,0.00,0.00,0.33,0.00,0.67,0.67,0.00,255,244,0.96,0.05,0.00,0.00,0.00,0.00,0.04,0.00,1
1,1,54,10,2599,293,0,0,0,0,0,1,0,0,0,0,0,0,0,0,0,0,3,3,0.00,0.00,0.00,0.00,1.00,0.00,0.00,255,172,0.67,0.13,0.00,0.00,0.00,0.00,0.31,0.00,1
1,1,54,10,2599,293,0,0,0,0,0,1,0,0,0,0,0,0,0,0,0,0,2,2,0.00,0.00,0.00,0.00,1.00,0.00,0.00,255,69,0.27,0.14,0.00,0.00,0.00,0.00,0.71,0.00,1
1,1,54,10,2599,293,0,0,0,0,0,1,0,0,0,0,0,0,0,0,0,0,3,3,0.00,0.00,0.00,0.00,1.00,0.00,0.00,255,76,0.30,0.14,0.00,0.00,0.00,0.00,0.69,0.00,1
1,1,54,10,2599,293,0,0,0,0,0,1,0,0,0,0,0,0,0,0,0,0,3,2,0.00,0.00,0.33,0.00,0.67,0.67,0.00,255,247,0.97,0.04,0.00,0.00,0.00,0.00,0.03,0.00,1
1,1,54,10,2599,293,0,0,0,0,0,1,0,0,0,0,0,0,0,0,0,0,2,2,0.00,0.00,0.00,0.00,1.00,0.00,0.00,255,168,0.66,0.13,0.00,0.00,0.00,0.00,0.33,0.00,1
1,1,54,10,2599,293,0,0,0,0,0,1,0,0,0,0,0,0,0,0,0,0,2,2,0.00,0.00,0.00,0.00,1.00,0.00,0.00,255,97,0.38,0.14,0.00,0.00,0.00,0.00,0.60,0.00,1
1,1,54,10,2599,293,0,0,0,0,0,1,0,0,0,0,0,0,0,0,0,0,3,3,0.00,0.00,0.00,0.00,1.00,0.00,0.00,255,95,0.37,0.14,0.00,0.00,0.00,0.00,0.61,0.00,1
1,1,54,10,2599,293,0,0,0,0,0,1,0,0,0,0,0,0,0,0,0,0,2,2,0.00,0.00,0.00,0.00,1.00,0.00,0.00,255,129,0.51,0.15,0.00,0.00,0.00,0.00,0.48,0.00,1
1,1,54,10,2599,293,0,0,0,0,0,1,0,0,0,0,0,0,0,0,0,0,2,2,0.00,0.00,0.00,0.00,1.00,0.00,0.00,255,82,0.32,0.14,0.00,0.00,0.00,0.00,0.66,0.00,1
1,1,54,10,2599,293,0,0,0,0,0,1,0,0,0,0,0,0,0,0,0,0,3,3,0.00,0.00,0.00,0.00,1.00,0.00,0.00,255,20,0.08,0.16,0.00,0.00,0.00,0.00,0.90,0.00,1
1,1,54,10,2599,293,0,0,0,0,0,1,0,0,0,0,0,0,0,0,0,0,2,2,0.00,0.00,0.00,0.00,1.00,0.00,0.00,255,37,0.15,0.16,0.00,0.00,0.00,0.00,0.84,0.00,1
1,1,54,10,2599,293,0,0,0,0,0,1,0,0,0,0,0,0,0,0,0,0,5,3,0.00,0.00,0.20,0.00,0.60,0.60,0.00,255,246,0.96,0.04,0.00,0.00,0.00,0.00,0.03,0.00,1
1,1,54,10,2599,293,0,0,0,0,0,1,0,0,0,0,0,0,0,0,0,0,2,3,0.00,0.00,0.00,0.00,1.00,0.00,0.67,255,245,0.96,0.04,0.00,0.00,0.00,0.00,0.04,0.00,1
1,1,54,10,2599,293,0,0,0,0,0,1,0,0,0,0,0,0,0,0,0,0,3,3,0.00,0.00,0.00,0.00,1.00,0.00,0.00,255,67,0.26,0.14,0.00,0.00,0.00,0.00,0.72,0.00,1
1,1,54,10,2599,293,0,0,0,0,0,1,0,0,0,0,0,0,0,0,0,0,3,3,0.00,0.00,0.00,0.00,1.00,0.00,0.00,255,227,0.89,0.11,0.00,0.00,0.00,0.00,0.10,0.00,1
1,1,54,10,2599,261,0,0,0,0,0,1,0,0,0,0,0,0,0,0,0,0,3,3,0.00,0.00,0.00,0.00,1.00,0.00,0.00,255,246,0.96,0.04,0.00,0.00,0.00,0.00,0.04,0.00,1
1,1,54,10,2599,293,0,0,0,0,0,1,0,0,0,0,0,0,0,0,0,0,2,2,0.00,0.00,0.00,0.00,1.00,0.00,0.00,255,42,0.16,0.16,0.00,0.00,0.00,0.00,0.82,0.00,1
1,1,54,10,2599,293,0,0,0,0,0,1,0,0,0,0,0,0,0,0,0,0,2,2,0.00,0.00,0.00,0.00,1.00,0.00,0.00,255,110,0.43,0.15,0.00,0.00,0.00,0.00,0.55,0.00,1
1,1,54,10,2599,293,0,0,0,0,0,1,0,0,0,0,0,0,0,0,0,0,3,2,0.00,0.00,0.33,0.00,0.67,0.67,0.00,255,245,0.96,0.04,0.00,0.00,0.00,0.00,0.04,0.00,1
1,1,54,10,2599,293,0,0,0,0,0,1,0,0,0,0,0,0,0,0,0,0,3,3,0.00,0.00,0.00,0.00,1.00,0.00,0.00,255,244,0.96,0.04,0.00,0.00,0.00,0.00,0.04,0.00,1
1,1,54,10,2599,293,0,0,0,0,0,1,0,0,0,0,0,0,0,0,0,0,3,3,0.00,0.00,0.00,0.00,1.00,0.00,0.00,255,64,0.25,0.14,0.00,0.00,0.00,0.00,0.73,0.00,1
1,1,54,10,2599,293,0,0,0,0,0,1,0,0,0,0,0,0,0,0,0,0,2,2,0.00,0.00,0.00,0.00,1.00,0.00,0.00,255,246,0.96,0.04,0.00,0.00,0.00,0.00,0.04,0.00,1
1,1,54,10,2599,293,0,0,0,0,0,1,0,0,0,0,0,0,0,0,0,0,3,3,0.00,0.00,0.00,0.00,1.00,0.00,0.00,255,44,0.17,0.16,0.00,0.00,0.00,0.00,0.81,0.00,1
1,1,54,10,2599,293,0,0,0,0,0,1,0,0,0,0,0,0,0,0,0,0,2,2,0.00,0.00,0.00,0.00,1.00,0.00,0.00,255,98,0.38,0.14,0.00,0.00,0.00,0.00,0.60,0.00,1
1,1,54,10,2599,293,0,0,0,0,0,1,0,0,0,0,0,0,0,0,0,0,3,2,0.00,0.00,0.33,0.00,0.67,0.67,0.00,255,57,0.22,0.16,0.00,0.00,0.00,0.00,0.76,0.00,1
5,1,54,10,2599,293,0,0,0,0,0,1,0,0,0,0,0,0,0,0,0,0,2,2,0.00,0.00,0.00,0.00,1.00,0.00,0.00,255,247,0.97,0.04,0.00,0.00,0.00,0.00,0.03,0.00,1
1,1,54,10,2599,293,0,0,0,0,0,1,0,0,0,0,0,0,0,0,0,0,3,3,0.00,0.00,0.00,0.00,1.00,0.00,0.00,255,191,0.75,0.13,0.00,0.00,0.00,0.00,0.24,0.00,1
1,1,54,10,2599,293,0,0,0,0,0,1,0,0,0,0,0,0,0,0,0,0,3,3,0.00,0.00,0.00,0.00,1.00,0.00,0.00,255,246,0.96,0.04,0.00,0.00,0.00,0.00,0.04,0.00,1
1,1,54,10,2599,293,0,0,0,0,0,1,0,0,0,0,0,0,0,0,0,0,2,2,0.00,0.00,0.00,0.00,1.00,0.00,0.00,255,29,0.11,0.16,0.00,0.00,0.00,0.00,0.87,0.00,1
1,1,54,10,2599,293,0,0,0,0,0,1,0,0,0,0,0,0,0,0,0,0,3,3,0.00,0.00,0.00,0.00,1.00,0.00,0.00,255,226,0.89,0.11,0.00,0.00,0.00,0.00,0.10,0.00,1
1,1,54,10,2599,261,0,0,0,0,0,1,0,0,0,0,0,0,0,0,0,0,2,2,0.00,0.00,0.00,0.00,1.00,0.00,0.00,255,246,0.96,0.04,0.00,0.00,0.00,0.00,0.04,0.00,1
1,1,54,10,2599,293,0,0,0,0,0,1,0,0,0,0,0,0,0,0,0,0,3,4,0.00,0.00,0.00,0.00,1.00,0.00,0.50,255,247,0.97,0.04,0.00,0.00,0.00,0.00,0.03,0.00,1
1,1,54,10,2599,293,0,0,0,0,0,1,0,0,0,0,0,0,0,0,0,0,3,3,0.00,0.00,0.00,0.00,1.00,0.00,0.00,255,7,0.03,0.16,0.00,0.00,0.00,0.00,0.95,0.00,1
1,1,54,10,2599,293,0,0,0,0,0,1,0,0,0,0,0,0,0,0,0,0,3,3,0.00,0.00,0.00,0.00,1.00,0.00,0.00,255,19,0.07,0.16,0.00,0.00,0.00,0.00,0.91,0.00,1
1,1,54,10,2599,293,0,0,0,0,0,1,0,0,0,0,0,0,0,0,0,0,4,3,0.00,0.00,0.00,0.00,0.75,0.50,0.00,255,245,0.96,0.04,0.00,0.00,0.00,0.00,0.03,0.00,1
1,1,54,10,2599,293,0,0,0,0,0,1,0,0,0,0,0,0,0,0,0,0,2,2,0.00,0.00,0.00,0.00,1.00,0.00,0.00,255,216,0.85,0.13,0.00,0.00,0.00,0.00,0.14,0.00,1
1,1,54,10,2599,293,0,0,0,0,0,1,0,0,0,0,0,0,0,0,0,0,2,2,0.00,0.00,0.00,0.00,1.00,0.00,0.00,255,225,0.88,0.12,0.00,0.00,0.00,0.00,0.11,0.00,1
1,1,54,10,2599,261,0,0,0,0,0,1,0,0,0,0,0,0,0,0,0,0,3,3,0.00,0.00,0.00,0.00,1.00,0.00,0.00,255,247,0.97,0.04,0.00,0.00,0.00,0.00,0.03,0.00,1
1,1,54,10,2599,293,0,0,0,0,0,1,0,0,0,0,0,0,0,0,0,0,3,2,0.00,0.00,0.00,0.00,0.67,0.67,0.00,255,245,0.96,0.04,0.00,0.00,0.00,0.00,0.04,0.00,1
1,1,54,10,2599,293,0,0,0,0,0,1,0,0,0,0,0,0,0,0,0,0,2,2,0.00,0.00,0.00,0.00,1.00,0.00,0.00,255,201,0.79,0.13,0.00,0.00,0.00,0.00,0.20,0.00,1
1,1,54,10,2599,293,0,0,0,0,0,1,0,0,0,0,0,0,0,0,0,0,2,2,0.00,0.00,0.00,0.00,1.00,0.00,0.00,255,77,0.30,0.14,0.00,0.00,0.00,0.00,0.68,0.00,1
1,1,54,10,2599,261,0,0,0,0,0,1,0,0,0,0,0,0,0,0,0,0,2,2,0.00,0.00,0.00,0.00,1.00,0.00,0.00,255,246,0.96,0.04,0.00,0.00,0.00,0.00,0.03,0.00,1
1,1,54,10,2599,293,0,0,0,0,0,1,0,0,0,0,0,0,0,0,0,0,3,3,0.00,0.00,0.00,0.00,1.00,0.00,0.00,255,104,0.41,0.14,0.00,0.00,0.00,0.00,0.58,0.00,1
1,1,54,10,2599,293,0,0,0,0,0,1,0,0,0,0,0,0,0,0,0,0,2,2,0.00,0.00,0.00,0.00,1.00,0.00,0.00,255,9,0.04,0.16,0.00,0.00,0.00,0.00,0.95,0.00,1
1,1,54,10,2599,293,0,0,0,0,0,1,0,0,0,0,0,0,0,0,0,0,3,3,0.00,0.00,0.00,0.00,1.00,0.00,0.00,255,171,0.67,0.13,0.00,0.00,0.00,0.00,0.32,0.00,1
1,1,54,10,2599,293,0,0,0,0,0,1,0,0,0,0,0,0,0,0,0,0,2,2,0.00,0.00,0.00,0.00,1.00,0.00,0.00,255,145,0.57,0.13,0.00,0.00,0.00,0.00,0.42,0.00,1
1,1,54,10,2599,293,0,0,0,0,0,1,0,0,0,0,0,0,0,0,0,0,3,3,0.00,0.00,0.00,0.00,1.00,0.00,0.00,255,43,0.17,0.16,0.00,0.00,0.00,0.00,0.81,0.00,1
1,1,54,10,2599,261,0,0,0,0,0,1,0,0,0,0,0,0,0,0,0,0,3,3,0.00,0.00,0.00,0.00,1.00,0.00,0.00,255,246,0.96,0.04,0.00,0.00,0.00,0.00,0.03,0.00,1
1,1,54,10,2599,293,0,0,0,0,0,1,0,0,0,0,0,0,0,0,0,0,2,2,0.00,0.00,0.00,0.00,1.00,0.00,0.00,255,156,0.61,0.13,0.00,0.00,0.00,0.00,0.38,0.00,1
1,1,54,10,2599,293,0,0,0,0,0,1,0,0,0,0,0,0,0,0,0,0,2,2,0.00,0.00,0.00,0.00,1.00,0.00,0.00,255,239,0.94,0.07,0.00,0.00,0.00,0.00,0.05,0.00,1
1,1,54,10,2599,293,0,0,0,0,0,1,0,0,0,0,0,0,0,0,0,0,2,2,0.00,0.00,0.00,0.00,1.00,0.00,0.00,255,178,0.70,0.13,0.00,0.00,0.00,0.00,0.29,0.00,1
