0,1,47,4,74,0,0,0,0,0,0,0.00,0.00,0.00,0.00,0.00,0.00,0.00,0,0,0.00,0.00,0.00,0.00,0.00,0.00,0.00,0.00
0,1,47,4,66,0,0,0,0,1,1,0.00,0.00,0.00,0.00,1.00,0.00,0.00,1,1,1.00,0.00,0.50,0.00,0.00,0.00,0.00,0.00
0,1,47,4,4162,0,0,0,0,2,2,0.00,0.00,0.00,0.00,1.00,0.00,0.00,2,2,1.00,0.00,0.67,0.00,0.00,0.00,0.00,0.00
0,1,47,4,3037,0,0,0,0,3,3,0.00,0.00,0.00,0.00,1.00,0.00,0.00,3,3,1.00,0.00,0.75,0.00,0.00,0.00,0.00,0.00
0,1,47,4,66,0,0,0,0,4,4,0.00,0.00,0.00,0.00,1.00,0.00,0.00,4,4,1.00,0.00,0.80,0.00,0.00,0.00,0.00,0.00
0,1,47,4,353,0,0,0,0,5,5,0.00,0.00,0.00,0.00,1.00,0.00,0.00,5,5,1.00,0.00,0.83,0.00,0.00,0.00,0.00,0.00
0,1,47,4,353,0,0,0,0,6,6,0.00,0.00,0.00,0.00,1.00,0.00,0.00,6,6,1.00,0.00,0.86,0.00,0.00,0.00,0.00,0.00
0,1,47,4,137,0,0,0,0,7,7,0.00,0.00,0.00,0.00,1.00,0.00,0.00,7,7,1.00,0.00,0.88,0.00,0.00,0.00,0.00,0.00
0,1,47,4,66,0,0,0,0,8,8,0.00,0.00,0.00,0.00,1.00,0.00,0.00,8,8,1.00,0.00,0.89,0.00,0.00,0.00,0.00,0.00
0,1,21,4,74,0,0,0,0,9,0,0.00,0.00,0.00,0.00,0.00,1.00,0.00,9,0,0.00,1.00,0.00,0.00,0.00,0.00,0.00,0.00
0,1,47,4,74,0,0,0,0,10,9,0.00,0.00,0.00,0.00,0.90,0.10,0.00,10,9,0.90,0.10,0.90,0.00,0.00,0.00,0.00,0.00
0,1,47,4,74,0,0,0,0,11,10,0.00,0.00,0.00,0.00,0.91,0.09,0.00,11,10,0.91,0.09,0.91,0.00,0.00,0.00,0.00,0.00
0,1,21,4,2962,0,0,0,0,12,1,0.00,0.00,0.00,0.00,0.08,0.92,0.00,12,1,0.08,0.92,0.50,0.00,0.00,0.00,0.00,0.00
0,1,21,4,1191,0,0,0,0,13,2,0.00,0.00,0.00,0.00,0.15,0.85,0.00,13,2,0.15,0.85,0.67,0.00,0.00,0.00,0.00,0.00
0,1,47,4,74,0,0,0,0,14,11,0.00,0.00,0.00,0.00,0.79,0.21,0.00,14,11,0.79,0.21,0.92,0.00,0.00,0.00,0.00,0.00
0,1,47,4,66,0,0,0,0,15,12,0.00,0.00,0.00,0.00,0.80,0.20,0.00,15,12,0.80,0.20,0.92,0.00,0.00,0.00,0.00,0.00
0,1,47,4,7014,0,0,0,0,16,13,0.00,0.00,0.00,0.00,0.81,0.19,0.00,16,13,0.81,0.19,0.93,0.00,0.00,0.00,0.00,0.00
0,1,47,4,4084,0,0,0,0,17,14,0.00,0.00,0.00,0.00,0.82,0.18,0.00,17,14,0.82,0.18,0.93,0.00,0.00,0.00,0.00,0.00
0,1,47,4,1514,0,0,0,0,18,15,0.00,0.00,0.00,0.00,0.83,0.17,0.00,18,15,0.83,0.17,0.94,0.00,0.00,0.00,0.00,0.00
0,1,47,4,2639,0,0,0,0,19,16,0.00,0.00,0.00,0.00,0.84,0.16,0.00,19,16,0.84,0.16,0.94,0.00,0.00,0.00,0.00,0.00
0,1,47,4,308,0,0,0,0,20,17,0.00,0.00,0.00,0.00,0.85,0.15,0.00,20,17,0.85,0.15,0.94,0.00,0.00,0.00,0.00,0.00
0,1,47,4,135,0,0,0,0,21,18,0.00,0.00,0.00,0.00,0.86,0.14,0.00,21,18,0.86,0.14,0.95,0.00,0.00,0.00,0.00,0.00
0,1,47,4,324,0,0,0,0,22,19,0.00,0.00,0.00,0.00,0.86,0.14,0.00,22,19,0.86,0.14,0.95,0.00,0.00,0.00,0.00,0.00
0,1,21,4,321,0,0,0,0,23,3,0.00,0.00,0.00,0.00,0.13,0.87,0.00,23,3,0.13,0.87,0.75,0.00,0.00,0.00,0.00,0.00
0,1,21,4,321,0,0,0,0,24,4,0.00,0.00,0.00,0.00,0.17,0.83,0.00,24,4,0.17,0.83,0.80,0.00,0.00,0.00,0.00,0.00
0,1,21,4,118,0,0,0,0,25,5,0.00,0.00,0.00,0.00,0.20,0.80,0.00,25,5,0.20,0.80,0.83,0.00,0.00,0.00,0.00,0.00
0,1,47,4,66,0,0,0,0,26,20,0.00,0.00,0.00,0.00,0.77,0.23,0.00,26,20,0.77,0.23,0.95,0.00,0.00,0.00,0.00,0.00
0,1,47,4,104,0,0,0,0,27,21,0.00,0.00,0.00,0.00,0.78,0.22,0.00,27,21,0.78,0.22,0.95,0.00,0.00,0.00,0.00,0.00
0,1,21,4,74,0,0,0,0,28,6,0.00,0.00,0.00,0.00,0.21,0.79,0.00,28,6,0.21,0.79,0.86,0.00,0.00,0.00,0.00,0.00
0,1,47,4,1514,0,0,0,0,29,22,0.00,0.00,0.00,0.00,0.76,0.24,0.00,29,22,0.76,0.24,0.96,0.00,0.00,0.00,0.00,0.00
0,1,47,4,2651,0,0,0,0,30,23,0.00,0.00,0.00,0.00,0.77,0.23,0.00,30,23,0.77,0.23,0.96,0.00,0.00,0.00,0.00,0.00
0,1,47,4,4193,0,0,0,0,31,24,0.00,0.00,0.00,0.00,0.77,0.23,0.00,31,24,0.77,0.23,0.96,0.00,0.00,0.00,0.00,0.00
0,1,47,4,4193,0,0,0,0,32,25,0.00,0.00,0.00,0.00,0.78,0.22,0.00,32,25,0.78,0.22,0.96,0.00,0.00,0.00,0.00,0.00
0,1,47,4,1514,0,0,0,0,33,26,0.00,0.00,0.00,0.00,0.79,0.21,0.00,33,26,0.79,0.21,0.96,0.00,0.00,0.00,0.00,0.00
0,1,47,4,321,0,0,0,0,34,27,0.00,0.00,0.00,0.00,0.79,0.21,0.00,34,27,0.79,0.21,0.96,0.00,0.00,0.00,0.00,0.00
0,1,47,4,321,0,0,0,0,35,28,0.00,0.00,0.00,0.00,0.80,0.20,0.00,35,28,0.80,0.20,0.97,0.00,0.00,0.00,0.00,0.00
0,1,47,4,118,0,0,0,0,36,29,0.00,0.00,0.00,0.00,0.81,0.19,0.00,36,29,0.81,0.19,0.97,0.00,0.00,0.00,0.00,0.00
0,1,21,4,66,0,0,0,0,37,7,0.00,0.00,0.00,0.00,0.19,0.81,0.00,37,7,0.19,0.81,0.88,0.00,0.00,0.00,0.00,0.00
0,1,21,4,4162,0,0,0,0,38,8,0.00,0.00,0.00,0.00,0.21,0.79,0.00,38,8,0.21,0.79,0.89,0.00,0.00,0.00,0.00,0.00
0,1,47,4,7306,0,0,0,0,39,30,0.00,0.00,0.00,0.00,0.77,0.23,0.00,39,30,0.77,0.23,0.97,0.00,0.00,0.00,0.00,0.00
0,1,47,4,5858,0,0,0,0,40,31,0.00,0.00,0.00,0.00,0.78,0.22,0.00,40,31,0.78,0.22,0.97,0.00,0.00,0.00,0.00,0.00
0,1,21,4,2799,0,0,0,0,41,9,0.00,0.00,0.00,0.00,0.22,0.78,0.00,41,9,0.22,0.78,0.90,0.00,0.00,0.00,0.00,0.00
0,1,47,4,1514,0,0,0,0,42,32,0.00,0.00,0.00,0.00,0.76,0.24,0.00,42,32,0.76,0.24,0.97,0.00,0.00,0.00,0.00,0.00
0,1,47,4,74,0,0,0,0,43,33,0.00,0.00,0.00,0.00,0.77,0.23,0.00,43,33,0.77,0.23,0.97,0.00,0.00,0.00,0.00,0.00
0,1,47,4,66,0,0,0,0,44,34,0.00,0.00,0.00,0.00,0.77,0.23,0.00,44,34,0.77,0.23,0.97,0.00,0.00,0.00,0.00,0.00
0,1,21,4,66,0,0,0,0,45,10,0.00,0.00,0.00,0.00,0.22,0.78,0.00,45,10,0.22,0.78,0.91,0.00,0.00,0.00,0.00,0.00
0,1,47,4,1514,0,0,0,0,46,35,0.00,0.00,0.00,0.00,0.76,0.24,0.00,46,35,0.76,0.24,0.97,0.00,0.00,0.00,0.00,0.00
0,1,47,4,2601,0,0,0,0,47,36,0.00,0.00,0.00,0.00,0.77,0.23,0.00,47,36,0.77,0.23,0.97,0.00,0.00,0.00,0.00,0.00
0,1,21,4,316,0,0,0,0,48,11,0.00,0.00,0.00,0.00,0.23,0.77,0.00,48,11,0.23,0.77,0.92,0.00,0.00,0.00,0.00,0.00
0,1,47,4,74,0,0,0,0,49,37,0.00,0.00,0.00,0.00,0.76,0.24,0.00,49,37,0.76,0.24,0.00,0.00,0.00,0.00,0.00,0.00
0,1,47,4,66,0,0,0,0,50,38,0.00,0.00,0.00,0.00,0.76,0.24,0.00,50,38,0.76,0.24,0.95,0.00,0.00,0.00,0.00,0.00
0,1,47,4,66,0,0,0,0,51,39,0.00,0.00,0.00,0.00,0.76,0.24,0.00,51,39,0.76,0.24,0.03,0.00,0.00,0.00,0.00,0.00
0,1,47,4,983,0,0,0,0,52,40,0.00,0.00,0.00,0.00,0.77,0.23,0.00,52,40,0.77,0.23,0.05,0.00,0.00,0.00,0.00,0.00
0,1,47,4,66,0,0,0,0,53,41,0.00,0.00,0.00,0.00,0.77,0.23,0.00,53,41,0.77,0.23,0.90,0.00,0.00,0.00,0.00,0.00
0,1,47,4,1514,0,0,0,0,54,42,0.00,0.00,0.00,0.00,0.78,0.22,0.00,54,42,0.78,0.22,0.91,0.00,0.00,0.00,0.00,0.00
0,1,47,4,4410,0,0,0,0,55,43,0.00,0.00,0.00,0.00,0.78,0.22,0.00,55,43,0.78,0.22,0.91,0.00,0.00,0.00,0.00,0.00
0,1,47,4,7306,0,0,0,0,56,44,0.00,0.00,0.00,0.00,0.79,0.21,0.00,56,44,0.79,0.21,0.91,0.00,0.00,0.00,0.00,0.00
0,1,47,4,1402,0,0,0,0,57,45,0.00,0.00,0.00,0.00,0.79,0.21,0.00,57,45,0.79,0.21,0.91,0.00,0.00,0.00,0.00,0.00
0,1,47,4,66,0,0,0,0,58,46,0.00,0.00,0.00,0.00,0.79,0.21,0.00,58,46,0.79,0.21,0.91,0.00,0.00,0.00,0.00,0.00
0,1,47,4,3080,0,0,0,0,59,47,0.00,0.00,0.00,0.00,0.80,0.20,0.00,59,47,0.80,0.20,0.92,0.00,0.00,0.00,0.00,0.00
0,1,47,4,66,0,0,0,0,60,48,0.00,0.00,0.00,0.00,0.80,0.20,0.00,60,48,0.80,0.20,0.92,0.00,0.00,0.00,0.00,0.00
0,1,47,4,1514,0,0,0,0,61,49,0.00,0.00,0.00,0.00,0.80,0.20,0.00,61,49,0.80,0.20,0.92,0.00,0.00,0.00,0.00,0.00
0,1,47,4,10202,0,0,0,0,62,50,0.00,0.00,0.00,0.00,0.81,0.19,0.00,62,50,0.81,0.19,0.92,0.00,0.00,0.00,0.00,0.00
0,1,47,4,12615,0,0,0,0,63,51,0.00,0.00,0.00,0.00,0.81,0.19,0.00,63,51,0.81,0.19,0.92,0.00,0.00,0.00,0.00,0.00
0,1,47,4,1031,0,0,0,0,64,52,0.00,0.00,0.00,0.00,0.81,0.19,0.00,64,52,0.81,0.19,0.92,0.00,0.00,0.00,0.00,0.00
0,1,47,4,1514,0,0,0,0,65,53,0.00,0.00,0.00,0.00,0.82,0.18,0.00,65,53,0.82,0.18,0.93,0.00,0.00,0.00,0.00,0.00
0,1,47,4,2962,0,0,0,0,66,54,0.00,0.00,0.00,0.00,0.82,0.18,0.00,66,54,0.82,0.18,0.93,0.00,0.00,0.00,0.00,0.00
0,1,21,4,66,0,0,0,0,67,12,0.00,0.00,0.00,0.00,0.18,0.82,0.00,67,12,0.18,0.82,0.92,0.00,0.00,0.00,0.00,0.00
0,1,21,4,1514,0,0,0,0,68,13,0.00,0.00,0.00,0.00,0.19,0.81,0.00,68,13,0.19,0.81,0.93,0.00,0.00,0.00,0.00,0.00
0,1,21,4,2304,0,0,0,0,69,14,0.00,0.00,0.00,0.00,0.20,0.80,0.00,69,14,0.20,0.80,0.93,0.00,0.00,0.00,0.00,0.00
0,1,21,4,66,0,0,0,0,70,15,0.00,0.00,0.00,0.00,0.21,0.79,0.00,70,15,0.21,0.79,0.94,0.00,0.00,0.00,0.00,0.00
0,1,47,4,66,0,0,0,0,71,55,0.00,0.00,0.00,0.00,0.77,0.23,0.00,71,55,0.77,0.23,0.93,0.00,0.00,0.00,0.00,0.00
0,1,21,4,244,0,0,0,0,72,16,0.00,0.00,0.00,0.00,0.22,0.78,0.00,72,16,0.22,0.78,0.94,0.00,0.00,0.00,0.00,0.00
0,1,47,4,66,0,0,0,0,73,56,0.00,0.00,0.00,0.00,0.77,0.23,0.00,73,56,0.77,0.23,0.93,0.00,0.00,0.00,0.00,0.00
0,1,47,4,66,0,0,0,0,74,57,0.00,0.00,0.00,0.00,0.77,0.23,0.00,74,57,0.77,0.23,0.93,0.00,0.00,0.00,0.00,0.00
0,1,47,4,66,0,0,0,0,75,58,0.00,0.00,0.00,0.00,0.77,0.23,0.00,75,58,0.77,0.23,0.93,0.00,0.00,0.00,0.00,0.00
0,1,47,4,2962,0,0,0,0,76,59,0.00,0.00,0.00,0.00,0.78,0.22,0.00,76,59,0.78,0.22,0.93,0.00,0.00,0.00,0.00,0.00
0,1,47,4,2962,0,0,0,0,77,60,0.00,0.00,0.00,0.00,0.78,0.22,0.00,77,60,0.78,0.22,0.93,0.00,0.00,0.00,0.00,0.00
0,1,47,4,5858,0,0,0,0,78,61,0.00,0.00,0.00,0.00,0.78,0.22,0.00,78,61,0.78,0.22,0.94,0.00,0.00,0.00,0.00,0.00
0,1,47,4,10202,0,0,0,0,79,62,0.00,0.00,0.00,0.00,0.78,0.22,0.00,79,62,0.78,0.22,0.94,0.00,0.00,0.00,0.00,0.00
0,1,47,4,5858,0,0,0,0,80,63,0.00,0.00,0.00,0.00,0.79,0.21,0.00,80,63,0.79,0.21,0.94,0.00,0.00,0.00,0.00,0.00
0,1,47,4,7306,0,0,0,0,81,64,0.00,0.00,0.00,0.00,0.79,0.21,0.00,81,64,0.79,0.21,0.94,0.00,0.00,0.00,0.00,0.00
0,1,47,4,66,0,0,0,0,82,65,0.00,0.00,0.00,0.00,0.79,0.21,0.00,82,65,0.79,0.21,0.94,0.00,0.00,0.00,0.00,0.00
0,1,47,4,66,0,0,0,0,83,66,0.00,0.00,0.00,0.00,0.80,0.20,0.00,83,66,0.80,0.20,0.94,0.00,0.00,0.00,0.00,0.00
0,1,47,4,10202,0,0,0,0,84,67,0.00,0.00,0.00,0.00,0.80,0.20,0.00,84,67,0.80,0.20,0.94,0.00,0.00,0.00,0.00,0.00
0,1,47,4,2962,0,0,0,0,85,68,0.00,0.00,0.00,0.00,0.80,0.20,0.00,85,68,0.80,0.20,0.94,0.00,0.00,0.00,0.00,0.00
0,1,47,4,74,0,0,0,0,86,69,0.00,0.00,0.00,0.00,0.80,0.20,0.00,86,69,0.80,0.20,0.94,0.00,0.00,0.00,0.00,0.00
0,1,47,4,1514,0,0,0,0,87,70,0.00,0.00,0.00,0.00,0.80,0.20,0.00,87,70,0.80,0.20,0.94,0.00,0.00,0.00,0.00,0.00
0,1,47,4,66,0,0,0,0,88,71,0.00,0.00,0.00,0.00,0.81,0.19,0.00,88,71,0.81,0.19,0.94,0.00,0.00,0.00,0.00,0.00
0,1,47,4,1514,0,0,0,0,89,72,0.00,0.00,0.00,0.00,0.81,0.19,0.00,89,72,0.81,0.19,0.95,0.00,0.00,0.00,0.00,0.00
0,1,47,4,4410,0,0,0,0,90,73,0.00,0.00,0.00,0.00,0.81,0.19,0.00,90,73,0.81,0.19,0.95,0.00,0.00,0.00,0.00,0.00
0,1,47,4,2962,0,0,0,0,91,74,0.00,0.00,0.00,0.00,0.81,0.19,0.00,91,74,0.81,0.19,0.95,0.00,0.00,0.00,0.00,0.00
0,1,47,4,13098,0,0,0,0,92,75,0.00,0.00,0.00,0.00,0.82,0.18,0.00,92,75,0.82,0.18,0.95,0.00,0.00,0.00,0.00,0.00
0,1,47,4,1514,0,0,0,0,93,76,0.00,0.00,0.00,0.00,0.82,0.18,0.00,93,76,0.82,0.18,0.95,0.00,0.00,0.00,0.00,0.00
0,1,47,4,1514,0,0,0,0,94,77,0.00,0.00,0.00,0.00,0.82,0.18,0.00,94,77,0.82,0.18,0.95,0.00,0.00,0.00,0.00,0.00
0,1,47,4,2962,0,0,0,0,95,78,0.00,0.00,0.00,0.00,0.82,0.18,0.00,95,78,0.82,0.18,0.95,0.00,0.00,0.00,0.00,0.00
0,1,47,4,8754,0,0,0,0,96,79,0.00,0.00,0.00,0.00,0.82,0.18,0.00,96,79,0.82,0.18,0.95,0.00,0.00,0.00,0.00,0.00
0,1,47,4,1514,0,0,0,0,97,80,0.00,0.00,0.00,0.00,0.82,0.18,0.00,97,80,0.82,0.18,0.95,0.00,0.00,0.00,0.00,0.00
0,1,47,4,1514,0,0,0,0,98,81,0.00,0.00,0.00,0.00,0.83,0.17,0.00,98,81,0.83,0.17,0.95,0.00,0.00,0.00,0.00,0.00
0,1,47,4,1514,0,0,0,0,99,82,0.00,0.00,0.00,0.00,0.83,0.17,0.00,99,82,0.83,0.17,0.95,0.00,0.00,0.00,0.00,0.00
0,1,47,4,5858,0,0,0,0,100,83,0.00,0.00,0.00,0.00,0.83,0.17,0.00,100,83,0.83,0.17,0.95,0.00,0.00,0.00,0.00,0.00
0,1,47,4,1514,0,0,0,0,101,84,0.00,0.00,0.00,0.00,0.83,0.17,0.00,100,83,0.83,0.17,0.95,0.00,0.00,0.00,0.00,0.00
0,1,47,4,14546,0,0,0,0,102,85,0.00,0.00,0.00,0.00,0.83,0.17,0.00,100,83,0.83,0.17,0.95,0.00,0.00,0.00,0.00,0.00
0,1,47,4,1514,0,0,0,0,103,86,0.00,0.00,0.00,0.00,0.83,0.17,0.00,100,83,0.83,0.17,0.95,0.00,0.00,0.00,0.00,0.00
0,1,47,4,66,0,0,0,0,104,87,0.00,0.00,0.00,0.00,0.84,0.16,0.00,100,83,0.83,0.17,0.95,0.00,0.00,0.00,0.00,0.00
0,1,47,4,66,0,0,0,0,105,88,0.00,0.00,0.00,0.00,0.84,0.16,0.00,100,83,0.83,0.17,0.95,0.00,0.00,0.00,0.00,0.00
0,1,47,4,1514,0,0,0,0,106,89,0.00,0.00,0.00,0.00,0.84,0.16,0.00,100,83,0.83,0.17,0.95,0.00,0.00,0.00,0.00,0.00
0,1,47,4,1514,0,0,0,0,107,90,0.00,0.00,0.00,0.00,0.84,0.16,0.00,100,83,0.83,0.17,0.95,0.00,0.00,0.00,0.00,0.00
0,1,47,4,2962,0,0,0,0,108,91,0.00,0.00,0.00,0.00,0.84,0.16,0.00,100,83,0.83,0.17,0.95,0.00,0.00,0.00,0.00,0.00
0,1,47,4,1514,0,0,0,0,109,92,0.00,0.00,0.00,0.00,0.84,0.16,0.00,100,83,0.83,0.17,0.95,0.00,0.00,0.00,0.00,0.00
0,1,47,4,4410,0,0,0,0,110,93,0.00,0.00,0.00,0.00,0.85,0.15,0.00,100,84,0.84,0.16,0.95,0.00,0.00,0.00,0.00,0.00
0,1,47,4,1514,0,0,0,0,111,94,0.00,0.00,0.00,0.00,0.85,0.15,0.00,100,84,0.84,0.16,0.95,0.00,0.00,0.00,0.00,0.00
0,1,47,4,74,0,0,0,0,112,95,0.00,0.00,0.00,0.00,0.85,0.15,0.00,100,84,0.84,0.16,0.95,0.00,0.00,0.00,0.00,0.00
0,1,47,4,1514,0,0,0,0,113,96,0.00,0.00,0.00,0.00,0.85,0.15,0.00,100,85,0.85,0.15,0.95,0.00,0.00,0.00,0.00,0.00
0,1,47,4,2962,0,0,0,0,114,97,0.00,0.00,0.00,0.00,0.85,0.15,0.00,100,86,0.86,0.14,0.95,0.00,0.00,0.00,0.00,0.00
0,1,47,4,66,0,0,0,0,115,98,0.00,0.00,0.00,0.00,0.85,0.15,0.00,100,86,0.86,0.14,0.95,0.00,0.00,0.00,0.00,0.00
0,1,47,4,74,0,0,0,0,116,99,0.00,0.00,0.00,0.00,0.85,0.15,0.00,100,86,0.86,0.14,0.95,0.00,0.00,0.00,0.00,0.00
0,1,47,4,1514,0,0,0,0,117,100,0.00,0.00,0.00,0.00,0.85,0.15,0.00,100,86,0.86,0.14,0.95,0.00,0.00,0.00,0.00,0.00
0,1,47,4,4410,0,0,0,0,118,101,0.00,0.00,0.00,0.00,0.86,0.14,0.00,100,86,0.86,0.14,0.95,0.00,0.00,0.00,0.00,0.00
0,1,47,4,15994,0,0,0,0,119,102,0.00,0.00,0.00,0.00,0.86,0.14,0.00,100,86,0.86,0.14,0.95,0.00,0.00,0.00,0.00,0.00
0,1,47,4,1514,0,0,0,0,120,103,0.00,0.00,0.00,0.00,0.86,0.14,0.00,100,86,0.86,0.14,0.95,0.00,0.00,0.00,0.00,0.00
0,1,47,4,1514,0,0,0,0,121,104,0.00,0.00,0.00,0.00,0.86,0.14,0.00,100,86,0.86,0.14,0.95,0.00,0.00,0.00,0.00,0.00
0,1,47,4,1514,0,0,0,0,122,105,0.00,0.00,0.00,0.00,0.86,0.14,0.00,100,86,0.86,0.14,0.95,0.00,0.00,0.00,0.00,0.00
0,1,47,4,1514,0,0,0,0,123,106,0.00,0.00,0.00,0.00,0.86,0.14,0.00,100,86,0.86,0.14,0.95,0.00,0.00,0.00,0.00,0.00
0,1,47,4,5858,0,0,0,0,124,107,0.00,0.00,0.00,0.00,0.86,0.14,0.00,100,87,0.87,0.13,0.95,0.00,0.00,0.00,0.00,0.00
0,1,47,4,5858,0,0,0,0,125,108,0.00,0.00,0.00,0.00,0.86,0.14,0.00,100,88,0.88,0.12,0.96,0.00,0.00,0.00,0.00,0.00
0,1,47,4,4084,0,0,0,0,126,109,0.00,0.00,0.00,0.00,0.87,0.13,0.00,100,89,0.89,0.11,0.96,0.00,0.00,0.00,0.00,0.00
0,1,47,4,4084,0,0,0,0,127,110,0.00,0.00,0.00,0.00,0.87,0.13,0.00,100,89,0.89,0.11,0.96,0.00,0.00,0.00,0.00,0.00
0,1,47,4,2962,0,0,0,0,128,111,0.00,0.00,0.00,0.00,0.87,0.13,0.00,100,89,0.89,0.11,0.96,0.00,0.00,0.00,0.00,0.00
0,1,47,4,2962,0,0,0,0,129,112,0.00,0.00,0.00,0.00,0.87,0.13,0.00,100,90,0.90,0.10,0.96,0.00,0.00,0.00,0.00,0.00
0,1,47,4,10202,0,0,0,0,130,113,0.00,0.00,0.00,0.00,0.87,0.13,0.00,100,90,0.90,0.10,0.96,0.00,0.00,0.00,0.00,0.00
0,1,47,4,5858,0,0,0,0,131,114,0.00,0.00,0.00,0.00,0.87,0.13,0.00,100,90,0.90,0.10,0.96,0.00,0.00,0.00,0.00,0.00
0,1,47,4,1514,0,0,0,0,132,115,0.00,0.00,0.00,0.00,0.87,0.13,0.00,100,90,0.90,0.10,0.96,0.00,0.00,0.00,0.00,0.00
0,1,47,4,1514,0,0,0,0,133,116,0.00,0.00,0.00,0.00,0.87,0.13,0.00,100,90,0.90,0.10,0.96,0.00,0.00,0.00,0.00,0.00
0,1,47,4,4410,0,0,0,0,134,117,0.00,0.00,0.00,0.00,0.87,0.13,0.00,100,90,0.90,0.10,0.96,0.00,0.00,0.00,0.00,0.00
0,1,47,4,11650,0,0,0,0,135,118,0.00,0.00,0.00,0.00,0.87,0.13,0.00,100,90,0.90,0.10,0.96,0.00,0.00,0.00,0.00,0.00
0,1,47,4,1514,0,0,0,0,136,119,0.00,0.00,0.00,0.00,0.88,0.12,0.00,100,90,0.90,0.10,0.96,0.00,0.00,0.00,0.00,0.00
0,1,47,4,1514,0,0,0,0,137,120,0.00,0.00,0.00,0.00,0.88,0.12,0.00,100,90,0.90,0.10,0.96,0.00,0.00,0.00,0.00,0.00
0,1,47,4,8754,0,0,0,0,138,121,0.00,0.00,0.00,0.00,0.88,0.12,0.00,100,91,0.91,0.09,0.96,0.00,0.00,0.00,0.00,0.00
0,1,47,4,1514,0,0,0,0,139,122,0.00,0.00,0.00,0.00,0.88,0.12,0.00,100,92,0.92,0.08,0.96,0.00,0.00,0.00,0.00,0.00
0,1,47,4,2962,0,0,0,0,140,123,0.00,0.00,0.00,0.00,0.88,0.12,0.00,100,92,0.92,0.08,0.96,0.00,0.00,0.00,0.00,0.00
0,1,47,4,1514,0,0,0,0,141,124,0.00,0.00,0.00,0.00,0.88,0.12,0.00,100,92,0.92,0.08,0.96,0.00,0.00,0.00,0.00,0.00
0,1,47,4,5858,0,0,0,0,142,125,0.00,0.00,0.00,0.00,0.88,0.12,0.00,100,93,0.93,0.07,0.96,0.00,0.00,0.00,0.00,0.00
0,1,47,4,2962,0,0,0,0,143,126,0.00,0.00,0.00,0.00,0.88,0.12,0.00,100,93,0.93,0.07,0.96,0.00,0.00,0.00,0.00,0.00
0,1,47,4,2962,0,0,0,0,144,127,0.00,0.00,0.00,0.00,0.88,0.12,0.00,100,93,0.93,0.07,0.96,0.00,0.00,0.00,0.00,0.00
0,1,47,4,7306,0,0,0,0,145,128,0.00,0.00,0.00,0.00,0.88,0.12,0.00,100,93,0.93,0.07,0.96,0.00,0.00,0.00,0.00,0.00
0,1,47,4,4410,0,0,0,0,146,129,0.00,0.00,0.00,0.00,0.88,0.12,0.00,100,94,0.94,0.06,0.96,0.00,0.00,0.00,0.00,0.00
0,1,47,4,324,0,0,0,0,147,130,0.00,0.00,0.00,0.00,0.88,0.12,0.00,100,94,0.94,0.06,0.96,0.00,0.00,0.00,0.00,0.00
0,1,47,4,135,0,0,0,0,148,131,0.00,0.00,0.00,0.00,0.89,0.11,0.00,100,94,0.94,0.06,0.96,0.00,0.00,0.00,0.00,0.00
0,1,47,4,11650,0,0,0,0,149,132,0.00,0.00,0.00,0.00,0.89,0.11,0.00,100,95,0.95,0.05,0.96,0.00,0.00,0.00,0.00,0.00
0,1,47,4,5858,0,0,0,0,150,133,0.00,0.00,0.00,0.00,0.89,0.11,0.00,100,95,0.95,0.05,0.97,0.00,0.00,0.00,0.00,0.00
0,1,47,4,4410,0,0,0,0,151,134,0.00,0.00,0.00,0.00,0.89,0.11,0.00,100,95,0.95,0.05,0.97,0.00,0.00,0.00,0.00,0.00
0,1,47,4,66,0,0,0,0,152,135,0.00,0.00,0.00,0.00,0.89,0.11,0.00,100,95,0.95,0.05,0.98,0.00,0.00,0.00,0.00,0.00
0,1,47,4,104,0,0,0,0,153,136,0.00,0.00,0.00,0.00,0.89,0.11,0.00,100,95,0.95,0.05,0.99,0.00,0.00,0.00,0.00,0.00
0,1,47,4,324,0,0,0,0,154,137,0.00,0.00,0.00,0.00,0.89,0.11,0.00,100,95,0.95,0.05,0.99,0.00,0.00,0.00,0.00,0.00
0,1,47,4,135,0,0,0,0,155,138,0.00,0.00,0.00,0.00,0.89,0.11,0.00,100,95,0.95,0.05,0.99,0.00,0.00,0.00,0.00,0.00
0,1,47,4,1514,0,0,0,0,156,139,0.00,0.00,0.00,0.00,0.89,0.11,0.00,100,95,0.95,0.05,0.99,0.00,0.00,0.00,0.00,0.00
0,1,47,4,2954,0,0,0,0,157,140,0.00,0.00,0.00,0.00,0.89,0.11,0.00,100,95,0.95,0.05,0.99,0.00,0.00,0.00,0.00,0.00
0,1,47,4,2954,0,0,0,0,158,141,0.00,0.00,0.00,0.00,0.89,0.11,0.00,100,95,0.95,0.05,0.99,0.00,0.00,0.00,0.00,0.00
0,1,47,4,2954,0,0,0,0,159,142,0.00,0.00,0.00,0.00,0.89,0.11,0.00,100,95,0.95,0.05,0.99,0.00,0.00,0.00,0.00,0.00
0,1,47,4,1514,0,0,0,0,160,143,0.00,0.00,0.00,0.00,0.89,0.11,0.00,100,95,0.95,0.05,0.99,0.00,0.00,0.00,0.00,0.00
0,1,47,4,117,0,0,0,0,161,144,0.00,0.00,0.00,0.00,0.89,0.11,0.00,100,95,0.95,0.05,0.99,0.00,0.00,0.00,0.00,0.00
0,1,47,4,1514,0,0,0,0,162,145,0.00,0.00,0.00,0.00,0.90,0.10,0.00,100,95,0.95,0.05,0.99,0.00,0.00,0.00,0.00,0.00
0,1,47,4,5858,0,0,0,0,163,146,0.00,0.00,0.00,0.00,0.90,0.10,0.00,100,95,0.95,0.05,0.99,0.00,0.00,0.00,0.00,0.00
0,1,47,4,1514,0,0,0,0,164,147,0.00,0.00,0.00,0.00,0.90,0.10,0.00,100,95,0.95,0.05,0.99,0.00,0.00,0.00,0.00,0.00
0,1,47,4,7306,0,0,0,0,165,148,0.00,0.00,0.00,0.00,0.90,0.10,0.00,100,95,0.95,0.05,0.99,0.00,0.00,0.00,0.00,0.00
0,1,47,4,5858,0,0,0,0,166,149,0.00,0.00,0.00,0.00,0.90,0.10,0.00,100,95,0.95,0.05,0.99,0.00,0.00,0.00,0.00,0.00
0,1,21,4,74,0,0,0,0,167,17,0.00,0.00,0.00,0.00,0.10,0.90,0.00,100,5,0.05,0.95,0.83,0.00,0.00,0.00,0.00,0.00
0,1,21,4,74,0,0,0,0,168,18,0.00,0.00,0.00,0.00,0.11,0.89,0.00,100,5,0.05,0.95,0.83,0.00,0.00,0.00,0.00,0.00
0,1,47,4,104,0,0,0,0,169,150,0.00,0.00,0.00,0.00,0.89,0.11,0.00,100,95,0.95,0.05,0.99,0.00,0.00,0.00,0.00,0.00
0,1,21,4,74,0,0,0,0,170,19,0.00,0.00,0.00,0.00,0.11,0.89,0.00,100,4,0.04,0.96,0.80,0.00,0.00,0.00,0.00,0.00
0,1,47,4,18890,0,0,0,0,171,151,0.00,0.00,0.00,0.00,0.88,0.12,0.00,100,96,0.96,0.04,0.99,0.00,0.00,0.00,0.00,0.00
0,1,47,4,4410,0,0,0,0,172,152,0.00,0.00,0.00,0.00,0.88,0.12,0.00,100,96,0.96,0.04,0.99,0.00,0.00,0.00,0.00,0.00
0,1,47,4,97,0,0,0,0,173,153,0.00,0.00,0.00,0.00,0.88,0.12,0.00,100,97,0.97,0.03,0.99,0.00,0.00,0.00,0.00,0.00
0,1,47,4,66,0,0,0,0,174,154,0.00,0.00,0.00,0.00,0.89,0.11,0.00,100,97,0.97,0.03,0.99,0.00,0.00,0.00,0.00,0.00
0,1,47,4,1514,0,0,0,0,175,155,0.00,0.00,0.00,0.00,0.89,0.11,0.00,100,97,0.97,0.03,0.99,0.00,0.00,0.00,0.00,0.00
0,1,47,4,7306,0,0,0,0,176,156,0.00,0.00,0.00,0.00,0.89,0.11,0.00,100,97,0.97,0.03,0.99,0.00,0.00,0.00,0.00,0.00
0,1,47,4,2962,0,0,0,0,177,157,0.00,0.00,0.00,0.00,0.89,0.11,0.00,100,97,0.97,0.03,0.99,0.00,0.00,0.00,0.00,0.00
0,1,47,4,4410,0,0,0,0,178,158,0.00,0.00,0.00,0.00,0.89,0.11,0.00,100,97,0.97,0.03,0.99,0.00,0.00,0.00,0.00,0.00
0,1,47,4,4410,0,0,0,0,179,159,0.00,0.00,0.00,0.00,0.89,0.11,0.00,100,97,0.97,0.03,0.99,0.00,0.00,0.00,0.00,0.00
0,1,47,4,321,0,0,0,0,180,160,0.00,0.00,0.00,0.00,0.89,0.11,0.00,100,97,0.97,0.03,0.99,0.00,0.00,0.00,0.00,0.00
0,1,47,4,1514,0,0,0,0,181,161,0.00,0.00,0.00,0.00,0.89,0.11,0.00,100,97,0.97,0.03,0.99,0.00,0.00,0.00,0.00,0.00
0,1,47,4,8754,0,0,0,0,182,162,0.00,0.00,0.00,0.00,0.89,0.11,0.00,100,97,0.97,0.03,0.99,0.00,0.00,0.00,0.00,0.00
0,1,47,4,1514,0,0,0,0,183,163,0.00,0.00,0.00,0.00,0.89,0.11,0.00,100,97,0.97,0.03,0.99,0.00,0.00,0.00,0.00,0.00
0,1,47,4,2962,0,0,0,0,184,164,0.00,0.00,0.00,0.00,0.89,0.11,0.00,100,97,0.97,0.03,0.99,0.00,0.00,0.00,0.00,0.00
0,1,21,4,66,0,0,0,0,185,20,0.00,0.00,0.00,0.00,0.11,0.89,0.00,100,3,0.03,0.97,0.75,0.00,0.00,0.00,0.00,0.00
0,1,47,4,1514,0,0,0,0,186,165,0.00,0.00,0.00,0.00,0.89,0.11,0.00,100,96,0.96,0.04,0.99,0.00,0.00,0.00,0.00,0.00
0,1,47,4,20338,0,0,0,0,187,166,0.00,0.00,0.00,0.00,0.89,0.11,0.00,100,96,0.96,0.04,0.99,0.00,0.00,0.00,0.00,0.00
0,1,21,4,66,0,0,0,0,188,21,0.00,0.00,0.00,0.00,0.11,0.89,0.00,100,4,0.04,0.96,0.80,0.00,0.00,0.00,0.00,0.00
0,1,21,4,3987,0,0,0,0,189,22,0.00,0.00,0.00,0.00,0.12,0.88,0.00,100,5,0.05,0.95,0.83,0.00,0.00,0.00,0.00,0.00
0,1,21,4,3987,0,0,0,0,190,23,0.00,0.00,0.00,0.00,0.12,0.88,0.00,100,6,0.06,0.94,0.86,0.00,0.00,0.00,0.00,0.00
0,1,21,4,74,0,0,0,0,191,24,0.00,0.00,0.00,0.00,0.13,0.87,0.00,100,7,0.07,0.93,0.88,0.00,0.00,0.00,0.00,0.00
0,1,21,4,66,0,0,0,0,192,25,0.00,0.00,0.00,0.00,0.13,0.87,0.00,100,8,0.08,0.92,0.89,0.00,0.00,0.00,0.00,0.00
0,1,21,4,3987,0,0,0,0,193,26,0.00,0.00,0.00,0.00,0.13,0.87,0.00,100,9,0.09,0.91,0.90,0.00,0.00,0.00,0.00,0.00
0,1,47,4,66,0,0,0,0,194,167,0.00,0.00,0.00,0.00,0.86,0.14,0.00,100,90,0.90,0.10,0.99,0.00,0.00,0.00,0.00,0.00
0,1,47,4,7306,0,0,0,0,195,168,0.00,0.00,0.00,0.00,0.86,0.14,0.00,100,90,0.90,0.10,0.99,0.00,0.00,0.00,0.00,0.00
0,1,47,4,2962,0,0,0,0,196,169,0.00,0.00,0.00,0.00,0.86,0.14,0.00,100,90,0.90,0.10,0.99,0.00,0.00,0.00,0.00,0.00
0,1,47,4,1514,0,0,0,0,197,170,0.00,0.00,0.00,0.00,0.86,0.14,0.00,100,90,0.90,0.10,0.99,0.00,0.00,0.00,0.00,0.00
0,1,47,4,1632,0,0,0,0,198,171,0.00,0.00,0.00,0.00,0.86,0.14,0.00,100,90,0.90,0.10,0.99,0.00,0.00,0.00,0.00,0.00
0,1,47,4,1514,0,0,0,0,199,172,0.00,0.00,0.00,0.00,0.86,0.14,0.00,100,90,0.90,0.10,0.99,0.00,0.00,0.00,0.00,0.00
0,1,47,4,4410,0,0,0,0,200,173,0.00,0.00,0.00,0.00,0.86,0.14,0.00,100,90,0.90,0.10,0.99,0.00,0.00,0.00,0.00,0.00
0,1,47,4,4410,0,0,0,0,201,174,0.00,0.00,0.00,0.00,0.87,0.13,0.00,100,90,0.90,0.10,0.99,0.00,0.00,0.00,0.00,0.00
0,1,47,4,1514,0,0,0,0,202,175,0.00,0.00,0.00,0.00,0.87,0.13,0.00,100,90,0.90,0.10,0.99,0.00,0.00,0.00,0.00,0.00
0,1,47,4,4410,0,0,0,0,203,176,0.00,0.00,0.00,0.00,0.87,0.13,0.00,100,90,0.90,0.10,0.99,0.00,0.00,0.00,0.00,0.00
0,1,47,4,1514,0,0,0,0,204,177,0.00,0.00,0.00,0.00,0.87,0.13,0.00,100,90,0.90,0.10,0.99,0.00,0.00,0.00,0.00,0.00
0,1,47,4,2962,0,0,0,0,205,178,0.00,0.00,0.00,0.00,0.87,0.13,0.00,100,90,0.90,0.10,0.99,0.00,0.00,0.00,0.00,0.00
0,1,47,4,2962,0,0,0,0,206,179,0.00,0.00,0.00,0.00,0.87,0.13,0.00,100,90,0.90,0.10,0.99,0.00,0.00,0.00,0.00,0.00
0,1,47,4,1514,0,0,0,0,207,180,0.00,0.00,0.00,0.00,0.87,0.13,0.00,100,90,0.90,0.10,0.99,0.00,0.00,0.00,0.00,0.00
0,1,47,4,7306,0,0,0,0,208,181,0.00,0.00,0.00,0.00,0.87,0.13,0.00,100,90,0.90,0.10,0.99,0.00,0.00,0.00,0.00,0.00
0,1,47,4,2962,0,0,0,0,209,182,0.00,0.00,0.00,0.00,0.87,0.13,0.00,100,90,0.90,0.10,0.99,0.00,0.00,0.00,0.00,0.00
0,1,47,4,4410,0,0,0,0,210,183,0.00,0.00,0.00,0.00,0.87,0.13,0.00,100,90,0.90,0.10,0.99,0.00,0.00,0.00,0.00,0.00
0,1,47,4,1514,0,0,0,0,211,184,0.00,0.00,0.00,0.00,0.87,0.13,0.00,100,90,0.90,0.10,0.99,0.00,0.00,0.00,0.00,0.00
0,1,47,4,5858,0,0,0,0,212,185,0.00,0.00,0.00,0.00,0.87,0.13,0.00,100,90,0.90,0.10,0.99,0.00,0.00,0.00,0.00,0.00
0,1,47,4,10202,0,0,0,0,213,186,0.00,0.00,0.00,0.00,0.87,0.13,0.00,100,90,0.90,0.10,0.99,0.00,0.00,0.00,0.00,0.00
0,1,21,4,377,0,0,0,0,214,27,0.00,0.00,0.00,0.00,0.13,0.87,0.00,100,10,0.10,0.90,0.91,0.00,0.00,0.00,0.00,0.00
0,1,21,4,377,0,0,0,0,215,28,0.00,0.00,0.00,0.00,0.13,0.87,0.00,100,11,0.11,0.89,0.92,0.00,0.00,0.00,0.00,0.00
0,1,21,4,128,0,0,0,0,216,29,0.00,0.00,0.00,0.00,0.13,0.87,0.00,100,12,0.12,0.88,0.92,0.00,0.00,0.00,0.00,0.00
0,1,21,4,377,0,0,0,0,217,30,0.00,0.00,0.00,0.00,0.14,0.86,0.00,100,13,0.13,0.87,0.93,0.00,0.00,0.00,0.00,0.00
0,1,21,4,377,0,0,0,0,218,31,0.00,0.00,0.00,0.00,0.14,0.86,0.00,100,14,0.14,0.86,0.93,0.00,0.00,0.00,0.00,0.00
0,1,21,4,128,0,0,0,0,219,32,0.00,0.00,0.00,0.00,0.15,0.85,0.00,100,15,0.15,0.85,0.94,0.00,0.00,0.00,0.00,0.00
0,1,21,4,97,0,0,0,0,220,33,0.00,0.00,0.00,0.00,0.15,0.85,0.00,100,16,0.16,0.84,0.94,0.00,0.00,0.00,0.00,0.00
0,1,21,4,1488,0,0,0,0,221,34,0.00,0.00,0.00,0.00,0.15,0.85,0.00,100,17,0.17,0.83,0.94,0.00,0.00,0.00,0.00,0.00
0,1,47,4,2962,0,0,0,0,222,187,0.00,0.00,0.00,0.00,0.84,0.16,0.00,100,82,0.82,0.18,0.99,0.00,0.00,0.00,0.00,0.00
0,1,47,4,8754,0,0,0,0,223,188,0.00,0.00,0.00,0.00,0.84,0.16,0.00,100,82,0.82,0.18,0.99,0.00,0.00,0.00,0.00,0.00
0,1,21,4,2674,0,0,0,0,224,35,0.00,0.00,0.00,0.00,0.16,0.84,0.00,100,18,0.18,0.82,0.95,0.00,0.00,0.00,0.00,0.00
0,1,21,4,824,0,0,0,0,225,36,0.00,0.00,0.00,0.00,0.16,0.84,0.00,100,19,0.19,0.81,0.95,0.00,0.00,0.00,0.00,0.00
0,1,21,4,66,0,0,0,0,226,37,0.00,0.00,0.00,0.00,0.16,0.84,0.00,100,20,0.20,0.80,0.95,0.00,0.00,0.00,0.00,0.00
0,1,21,4,97,0,0,0,0,227,38,0.00,0.00,0.00,0.00,0.17,0.83,0.00,100,21,0.21,0.79,0.95,0.00,0.00,0.00,0.00,0.00
0,1,21,4,377,0,0,0,0,228,39,0.00,0.00,0.00,0.00,0.17,0.83,0.00,100,22,0.22,0.78,0.96,0.00,0.00,0.00,0.00,0.00
0,1,21,4,377,0,0,0,0,229,40,0.00,0.00,0.00,0.00,0.17,0.83,0.00,100,23,0.23,0.77,0.96,0.00,0.00,0.00,0.00,0.00
0,1,21,4,128,0,0,0,0,230,41,0.00,0.00,0.00,0.00,0.18,0.82,0.00,100,24,0.24,0.76,0.96,0.00,0.00,0.00,0.00,0.00
0,1,21,4,6127,0,0,0,0,231,42,0.00,0.00,0.00,0.00,0.18,0.82,0.00,100,25,0.25,0.75,0.96,0.00,0.00,0.00,0.00,0.00
0,1,21,4,66,0,0,0,0,232,43,0.00,0.00,0.00,0.00,0.19,0.81,0.00,100,26,0.26,0.74,0.96,0.00,0.00,0.00,0.00,0.00
0,1,21,4,97,0,0,0,0,233,44,0.00,0.00,0.00,0.00,0.19,0.81,0.00,100,27,0.27,0.73,0.96,0.00,0.00,0.00,0.00,0.00
0,1,47,4,2962,0,0,0,0,234,189,0.00,0.00,0.00,0.00,0.81,0.19,0.00,100,72,0.72,0.28,0.99,0.00,0.00,0.00,0.00,0.00
0,1,47,4,2962,0,0,0,0,235,190,0.00,0.00,0.00,0.00,0.81,0.19,0.00,100,72,0.72,0.28,0.99,0.00,0.00,0.00,0.00,0.00
0,1,47,4,6413,0,0,0,0,236,191,0.00,0.00,0.00,0.00,0.81,0.19,0.00,100,72,0.72,0.28,0.99,0.00,0.00,0.00,0.00,0.00
0,1,21,4,1488,0,0,0,0,237,45,0.00,0.00,0.00,0.00,0.19,0.81,0.00,100,28,0.28,0.72,0.97,0.00,0.00,0.00,0.00,0.00
0,1,21,4,97,0,0,0,0,238,46,0.00,0.00,0.00,0.00,0.19,0.81,0.00,100,29,0.29,0.71,0.97,0.00,0.00,0.00,0.00,0.00
0,1,21,4,97,0,0,0,0,239,47,0.00,0.00,0.00,0.00,0.20,0.80,0.00,100,30,0.30,0.70,0.97,0.00,0.00,0.00,0.00,0.00
0,1,47,4,621,0,0,0,0,240,192,0.00,0.00,0.00,0.00,0.80,0.20,0.00,100,69,0.69,0.31,0.99,0.00,0.00,0.00,0.00,0.00
0,1,21,4,1514,0,0,0,0,241,48,0.00,0.00,0.00,0.00,0.20,0.80,0.00,100,31,0.31,0.69,0.97,0.00,0.00,0.00,0.00,0.00
0,1,47,4,2962,0,0,0,0,242,193,0.00,0.00,0.00,0.00,0.80,0.20,0.00,100,68,0.68,0.32,0.99,0.00,0.00,0.00,0.00,0.00
0,1,47,4,1514,0,0,0,0,243,194,0.00,0.00,0.00,0.00,0.80,0.20,0.00,100,68,0.68,0.32,0.99,0.00,0.00,0.00,0.00,0.00
0,1,47,4,1514,0,0,0,0,244,195,0.00,0.00,0.00,0.00,0.80,0.20,0.00,100,68,0.68,0.32,0.99,0.00,0.00,0.00,0.00,0.00
0,1,47,4,4410,0,0,0,0,245,196,0.00,0.00,0.00,0.00,0.80,0.20,0.00,100,68,0.68,0.32,0.99,0.00,0.00,0.00,0.00,0.00
0,1,47,4,7306,0,0,0,0,246,197,0.00,0.00,0.00,0.00,0.80,0.20,0.00,100,68,0.68,0.32,0.99,0.00,0.00,0.00,0.00,0.00
0,1,21,4,1514,0,0,0,0,247,49,0.00,0.00,0.00,0.00,0.20,0.80,0.00,100,32,0.32,0.68,0.97,0.00,0.00,0.00,0.00,0.00
0,1,21,4,4410,0,0,0,0,248,50,0.00,0.00,0.00,0.00,0.20,0.80,0.00,100,33,0.33,0.67,0.97,0.00,0.00,0.00,0.00,0.00
0,1,21,4,1514,0,0,0,0,249,51,0.00,0.00,0.00,0.00,0.20,0.80,0.00,100,34,0.34,0.66,0.97,0.00,0.00,0.00,0.00,0.00
0,1,21,4,1514,0,0,0,0,250,52,0.00,0.00,0.00,0.00,0.21,0.79,0.00,100,35,0.35,0.65,0.97,0.00,0.00,0.00,0.00,0.00
0,1,21,4,2185,0,0,0,0,251,53,0.00,0.00,0.00,0.00,0.21,0.79,0.00,100,36,0.36,0.64,0.97,0.00,0.00,0.00,0.00,0.00
0,1,47,4,1514,0,0,0,0,252,198,0.00,0.00,0.00,0.00,0.79,0.21,0.00,100,63,0.63,0.37,0.98,0.00,0.00,0.00,0.00,0.00
0,1,21,4,66,0,0,0,0,253,54,0.00,0.00,0.00,0.00,0.21,0.79,0.00,100,37,0.37,0.63,0.97,0.00,0.00,0.00,0.00,0.00
0,1,21,4,340,0,0,0,0,254,55,0.00,0.00,0.00,0.00,0.22,0.78,0.00,100,38,0.38,0.62,0.97,0.00,0.00,0.00,0.00,0.00
0,1,21,4,66,0,0,0,0,255,56,0.00,0.00,0.00,0.00,0.22,0.78,0.00,100,39,0.39,0.61,0.97,0.00,0.00,0.00,0.00,0.00
0,1,21,4,66,0,0,0,0,256,57,0.00,0.00,0.00,0.00,0.22,0.78,0.00,100,40,0.40,0.60,0.98,0.00,0.00,0.00,0.00,0.00
0,1,47,4,8754,0,0,0,0,257,199,0.00,0.00,0.00,0.00,0.77,0.23,0.00,100,59,0.59,0.41,0.98,0.00,0.00,0.00,0.00,0.00
0,1,47,4,1514,0,0,0,0,258,200,0.00,0.00,0.00,0.00,0.78,0.22,0.00,100,59,0.59,0.41,0.98,0.00,0.00,0.00,0.00,0.00
0,1,47,4,1514,0,0,0,0,259,201,0.00,0.00,0.00,0.00,0.78,0.22,0.00,100,59,0.59,0.41,0.98,0.00,0.00,0.00,0.00,0.00
0,1,47,4,1514,0,0,0,0,260,202,0.00,0.00,0.00,0.00,0.78,0.22,0.00,100,59,0.59,0.41,0.98,0.00,0.00,0.00,0.00,0.00
0,1,47,4,2962,0,0,0,0,261,203,0.00,0.00,0.00,0.00,0.78,0.22,0.00,100,59,0.59,0.41,0.98,0.00,0.00,0.00,0.00,0.00
0,1,47,4,4410,0,0,0,0,262,204,0.00,0.00,0.00,0.00,0.78,0.22,0.00,100,59,0.59,0.41,0.98,0.00,0.00,0.00,0.00,0.00
0,1,47,4,2962,0,0,0,0,263,205,0.00,0.00,0.00,0.00,0.78,0.22,0.00,100,59,0.59,0.41,0.98,0.00,0.00,0.00,0.00,0.00
0,1,47,4,512,0,0,0,0,264,206,0.00,0.00,0.00,0.00,0.78,0.22,0.00,100,59,0.59,0.41,0.00,0.00,0.00,0.00,0.00,0.00
0,1,47,4,8754,0,0,0,0,265,207,0.00,0.00,0.00,0.00,0.78,0.22,0.00,100,59,0.59,0.41,0.97,0.00,0.00,0.00,0.00,0.00
0,1,47,4,1514,0,0,0,0,266,208,0.00,0.00,0.00,0.00,0.78,0.22,0.00,100,59,0.59,0.41,0.97,0.00,0.00,0.00,0.00,0.00
0,1,47,4,7306,0,0,0,0,267,209,0.00,0.00,0.00,0.00,0.78,0.22,0.00,100,59,0.59,0.41,0.97,0.00,0.00,0.00,0.00,0.00
0,1,47,4,2962,0,0,0,0,268,210,0.00,0.00,0.00,0.00,0.78,0.22,0.00,100,60,0.60,0.40,0.97,0.00,0.00,0.00,0.00,0.00
0,1,47,4,1514,0,0,0,0,269,211,0.00,0.00,0.00,0.00,0.78,0.22,0.00,100,61,0.61,0.39,0.97,0.00,0.00,0.00,0.00,0.00
0,1,47,4,1514,0,0,0,0,270,212,0.00,0.00,0.00,0.00,0.79,0.21,0.00,100,61,0.61,0.39,0.97,0.00,0.00,0.00,0.00,0.00
0,1,47,4,904,0,0,0,0,271,213,0.00,0.00,0.00,0.00,0.79,0.21,0.00,100,62,0.62,0.38,0.97,0.00,0.00,0.00,0.00,0.00
0,1,47,4,2954,0,0,0,0,272,214,0.00,0.00,0.00,0.00,0.79,0.21,0.00,100,62,0.62,0.38,0.97,0.00,0.00,0.00,0.00,0.00
0,1,47,4,1514,0,0,0,0,273,215,0.00,0.00,0.00,0.00,0.79,0.21,0.00,100,62,0.62,0.38,0.97,0.00,0.00,0.00,0.00,0.00
0,1,47,4,1506,0,0,0,0,274,216,0.00,0.00,0.00,0.00,0.79,0.21,0.00,100,62,0.62,0.38,0.97,0.00,0.00,0.00,0.00,0.00
0,1,47,4,1514,0,0,0,0,275,217,0.00,0.00,0.00,0.00,0.79,0.21,0.00,100,62,0.62,0.38,0.97,0.00,0.00,0.00,0.00,0.00
0,1,47,4,1506,0,0,0,0,276,218,0.00,0.00,0.00,0.00,0.79,0.21,0.00,100,62,0.62,0.38,0.97,0.00,0.00,0.00,0.00,0.00
0,1,47,4,1514,0,0,0,0,277,219,0.00,0.00,0.00,0.00,0.79,0.21,0.00,100,62,0.62,0.38,0.97,0.00,0.00,0.00,0.00,0.00
0,1,47,4,2962,0,0,0,0,278,220,0.00,0.00,0.00,0.00,0.79,0.21,0.00,100,62,0.62,0.38,0.97,0.00,0.00,0.00,0.00,0.00
0,1,47,4,11650,0,0,0,0,279,221,0.00,0.00,0.00,0.00,0.79,0.21,0.00,100,62,0.62,0.38,0.97,0.00,0.00,0.00,0.00,0.00
0,1,47,4,2962,0,0,0,0,280,222,0.00,0.00,0.00,0.00,0.79,0.21,0.00,100,62,0.62,0.38,0.97,0.00,0.00,0.00,0.00,0.00
0,1,47,4,2962,0,0,0,0,281,223,0.00,0.00,0.00,0.00,0.79,0.21,0.00,100,62,0.62,0.38,0.97,0.00,0.00,0.00,0.00,0.00
0,1,47,4,4410,0,0,0,0,282,224,0.00,0.00,0.00,0.00,0.79,0.21,0.00,100,62,0.62,0.38,0.97,0.00,0.00,0.00,0.00,0.00
0,1,47,4,2962,0,0,0,0,283,225,0.00,0.00,0.00,0.00,0.80,0.20,0.00,100,62,0.62,0.38,0.97,0.00,0.00,0.00,0.00,0.00
0,1,47,4,1514,0,0,0,0,284,226,0.00,0.00,0.00,0.00,0.80,0.20,0.00,100,62,0.62,0.38,0.97,0.00,0.00,0.00,0.00,0.00
0,1,47,4,656,0,0,0,0,285,227,0.00,0.00,0.00,0.00,0.80,0.20,0.00,100,62,0.62,0.38,0.97,0.00,0.00,0.00,0.00,0.00
0,1,47,4,2954,0,0,0,0,286,228,0.00,0.00,0.00,0.00,0.80,0.20,0.00,100,63,0.63,0.37,0.97,0.00,0.00,0.00,0.00,0.00
0,1,47,4,5858,0,0,0,0,287,229,0.00,0.00,0.00,0.00,0.80,0.20,0.00,100,63,0.63,0.37,0.97,0.00,0.00,0.00,0.00,0.00
0,1,47,4,538,0,0,0,0,288,230,0.00,0.00,0.00,0.00,0.80,0.20,0.00,100,63,0.63,0.37,0.02,0.00,0.00,0.00,0.00,0.00
0,1,47,4,4410,0,0,0,0,289,231,0.00,0.00,0.00,0.00,0.80,0.20,0.00,100,64,0.64,0.36,0.95,0.00,0.00,0.00,0.00,0.00
0,1,47,4,2962,0,0,0,0,290,232,0.00,0.00,0.00,0.00,0.80,0.20,0.00,100,65,0.65,0.35,0.95,0.00,0.00,0.00,0.00,0.00
0,1,47,4,1514,0,0,0,0,291,233,0.00,0.00,0.00,0.00,0.80,0.20,0.00,100,66,0.66,0.34,0.96,0.00,0.00,0.00,0.00,0.00
0,1,47,4,5858,0,0,0,0,292,234,0.00,0.00,0.00,0.00,0.80,0.20,0.00,100,67,0.67,0.33,0.96,0.00,0.00,0.00,0.00,0.00
0,1,47,4,4410,0,0,0,0,293,235,0.00,0.00,0.00,0.00,0.80,0.20,0.00,100,68,0.68,0.32,0.96,0.00,0.00,0.00,0.00,0.00
0,1,47,4,4410,0,0,0,0,294,236,0.00,0.00,0.00,0.00,0.80,0.20,0.00,100,69,0.69,0.31,0.96,0.00,0.00,0.00,0.00,0.00
0,1,47,4,4410,0,0,0,0,295,237,0.00,0.00,0.00,0.00,0.80,0.20,0.00,100,69,0.69,0.31,0.96,0.00,0.00,0.00,0.00,0.00
0,1,47,4,2962,0,0,0,0,296,238,0.00,0.00,0.00,0.00,0.80,0.20,0.00,100,69,0.69,0.31,0.96,0.00,0.00,0.00,0.00,0.00
0,1,47,4,4410,0,0,0,0,297,239,0.00,0.00,0.00,0.00,0.80,0.20,0.00,100,69,0.69,0.31,0.96,0.00,0.00,0.00,0.00,0.00
0,1,47,4,7306,0,0,0,0,298,240,0.00,0.00,0.00,0.00,0.81,0.19,0.00,100,69,0.69,0.31,0.96,0.00,0.00,0.00,0.00,0.00
0,1,47,4,12593,0,0,0,0,299,241,0.00,0.00,0.00,0.00,0.81,0.19,0.00,100,69,0.69,0.31,0.96,0.00,0.00,0.00,0.00,0.00
0,1,47,4,2962,0,0,0,0,300,242,0.00,0.00,0.00,0.00,0.81,0.19,0.00,100,69,0.69,0.31,0.96,0.00,0.00,0.00,0.00,0.00
0,1,47,4,117,0,0,0,0,301,243,0.00,0.00,0.00,0.00,0.81,0.19,0.00,100,69,0.69,0.31,0.96,0.00,0.00,0.00,0.00,0.00
0,1,47,4,321,0,0,0,0,302,244,0.00,0.00,0.00,0.00,0.81,0.19,0.00,100,69,0.69,0.31,0.96,0.00,0.00,0.00,0.00,0.00
0,1,47,4,2962,0,0,0,0,303,245,0.00,0.00,0.00,0.00,0.81,0.19,0.00,100,69,0.69,0.31,0.96,0.00,0.00,0.00,0.00,0.00
0,1,47,4,1514,0,0,0,0,304,246,0.00,0.00,0.00,0.00,0.81,0.19,0.00,100,69,0.69,0.31,0.96,0.00,0.00,0.00,0.00,0.00
0,1,47,4,2962,0,0,0,0,305,247,0.00,0.00,0.00,0.00,0.81,0.19,0.00,100,69,0.69,0.31,0.96,0.00,0.00,0.00,0.00,0.00
0,1,47,4,5858,0,0,0,0,306,248,0.00,0.00,0.00,0.00,0.81,0.19,0.00,100,69,0.69,0.31,0.96,0.00,0.00,0.00,0.00,0.00
0,1,47,4,13098,0,0,0,0,307,249,0.00,0.00,0.00,0.00,0.81,0.19,0.00,100,69,0.69,0.31,0.96,0.00,0.00,0.00,0.00,0.00
0,1,47,4,5858,0,0,0,0,308,250,0.00,0.00,0.00,0.00,0.81,0.19,0.00,100,69,0.69,0.31,0.96,0.00,0.00,0.00,0.00,0.00
0,1,47,4,2962,0,0,0,0,309,251,0.00,0.00,0.00,0.00,0.81,0.19,0.00,100,69,0.69,0.31,0.96,0.00,0.00,0.00,0.00,0.00
0,1,47,4,1514,0,0,0,0,310,252,0.00,0.00,0.00,0.00,0.81,0.19,0.00,100,69,0.69,0.31,0.96,0.00,0.00,0.00,0.00,0.00
0,1,47,4,11650,0,0,0,0,311,253,0.00,0.00,0.00,0.00,0.81,0.19,0.00,100,69,0.69,0.31,0.96,0.00,0.00,0.00,0.00,0.00
0,1,47,4,1514,0,0,0,0,312,254,0.00,0.00,0.00,0.00,0.81,0.19,0.00,100,69,0.69,0.31,0.96,0.00,0.00,0.00,0.00,0.00
0,1,47,4,4410,0,0,0,0,313,255,0.00,0.00,0.00,0.00,0.81,0.19,0.00,100,69,0.69,0.31,0.96,0.00,0.00,0.00,0.00,0.00
0,1,47,4,4410,0,0,0,0,314,256,0.00,0.00,0.00,0.00,0.82,0.18,0.00,100,69,0.69,0.31,0.96,0.00,0.00,0.00,0.00,0.00
0,1,47,4,2962,0,0,0,0,315,257,0.00,0.00,0.00,0.00,0.82,0.18,0.00,100,70,0.70,0.30,0.96,0.00,0.00,0.00,0.00,0.00
0,1,47,4,2006,0,0,0,0,316,258,0.00,0.00,0.00,0.00,0.82,0.18,0.00,100,71,0.71,0.29,0.96,0.00,0.00,0.00,0.00,0.00
0,1,47,4,7306,0,0,0,0,317,259,0.00,0.00,0.00,0.00,0.82,0.18,0.00,100,72,0.72,0.28,0.96,0.00,0.00,0.00,0.00,0.00
0,1,47,4,5858,0,0,0,0,318,260,0.00,0.00,0.00,0.00,0.82,0.18,0.00,100,73,0.73,0.27,0.96,0.00,0.00,0.00,0.00,0.00
0,1,47,4,5858,0,0,0,0,319,261,0.00,0.00,0.00,0.00,0.82,0.18,0.00,100,74,0.74,0.26,0.96,0.00,0.00,0.00,0.00,0.00
0,1,47,4,8754,0,0,0,0,320,262,0.00,0.00,0.00,0.00,0.82,0.18,0.00,100,75,0.75,0.25,0.96,0.00,0.00,0.00,0.00,0.00
0,1,47,4,4410,0,0,0,0,321,263,0.00,0.00,0.00,0.00,0.82,0.18,0.00,100,76,0.76,0.24,0.96,0.00,0.00,0.00,0.00,0.00
0,1,47,4,5858,0,0,0,0,322,264,0.00,0.00,0.00,0.00,0.82,0.18,0.00,100,77,0.77,0.23,0.96,0.00,0.00,0.00,0.00,0.00
0,1,47,4,2962,0,0,0,0,323,265,0.00,0.00,0.00,0.00,0.82,0.18,0.00,100,77,0.77,0.23,0.96,0.00,0.00,0.00,0.00,0.00
0,1,47,4,5834,0,0,0,0,324,266,0.00,0.00,0.00,0.00,0.82,0.18,0.00,100,77,0.77,0.23,0.96,0.00,0.00,0.00,0.00,0.00
0,1,21,4,2962,0,0,0,0,325,58,0.00,0.00,0.00,0.00,0.18,0.82,0.00,100,22,0.22,0.78,0.96,0.00,0.00,0.00,0.00,0.00
0,1,21,4,4410,0,0,0,0,326,59,0.00,0.00,0.00,0.00,0.18,0.82,0.00,100,22,0.22,0.78,0.96,0.00,0.00,0.00,0.00,0.00
0,1,21,4,2962,0,0,0,0,327,60,0.00,0.00,0.00,0.00,0.18,0.82,0.00,100,22,0.22,0.78,0.96,0.00,0.00,0.00,0.00,0.00
0,1,21,4,4410,0,0,0,0,328,61,0.00,0.00,0.00,0.00,0.19,0.81,0.00,100,22,0.22,0.78,0.96,0.00,0.00,0.00,0.00,0.00
0,1,21,4,2962,0,0,0,0,329,62,0.00,0.00,0.00,0.00,0.19,0.81,0.00,100,22,0.22,0.78,0.96,0.00,0.00,0.00,0.00,0.00
0,1,21,4,5858,0,0,0,0,330,63,0.00,0.00,0.00,0.00,0.19,0.81,0.00,100,22,0.22,0.78,0.96,0.00,0.00,0.00,0.00,0.00
0,1,21,4,2962,0,0,0,0,331,64,0.00,0.00,0.00,0.00,0.19,0.81,0.00,100,22,0.22,0.78,0.96,0.00,0.00,0.00,0.00,0.00
0,1,21,4,2962,0,0,0,0,332,65,0.00,0.00,0.00,0.00,0.20,0.80,0.00,100,22,0.22,0.78,0.96,0.00,0.00,0.00,0.00,0.00
0,1,21,4,5858,0,0,0,0,333,66,0.00,0.00,0.00,0.00,0.20,0.80,0.00,100,22,0.22,0.78,0.96,0.00,0.00,0.00,0.00,0.00
0,1,21,4,2962,0,0,0,0,334,67,0.00,0.00,0.00,0.00,0.20,0.80,0.00,100,22,0.22,0.78,0.96,0.00,0.00,0.00,0.00,0.00
0,1,21,4,14082,0,0,0,0,335,68,0.00,0.00,0.00,0.00,0.20,0.80,0.00,100,23,0.23,0.77,0.96,0.00,0.00,0.00,0.00,0.00
0,1,21,4,97,0,0,0,0,336,69,0.00,0.00,0.00,0.00,0.21,0.79,0.00,100,24,0.24,0.76,0.96,0.00,0.00,0.00,0.00,0.00
0,1,21,4,97,0,0,0,0,337,70,0.00,0.00,0.00,0.00,0.21,0.79,0.00,100,25,0.25,0.75,0.96,0.00,0.00,0.00,0.00,0.00
0,1,21,4,245,0,0,0,0,338,71,0.00,0.00,0.00,0.00,0.21,0.79,0.00,100,25,0.25,0.75,0.96,0.00,0.00,0.00,0.00,0.00
0,1,21,4,244,0,0,0,0,339,72,0.00,0.00,0.00,0.00,0.21,0.79,0.00,100,25,0.25,0.75,0.96,0.00,0.00,0.00,0.00,0.00
0,1,21,4,242,0,0,0,0,340,73,0.00,0.00,0.00,0.00,0.21,0.79,0.00,100,25,0.25,0.75,0.96,0.00,0.00,0.00,0.00,0.00
0,1,21,4,1514,0,0,0,0,341,74,0.00,0.00,0.00,0.00,0.22,0.78,0.00,100,26,0.26,0.74,0.96,0.00,0.00,0.00,0.00,0.00
0,1,21,4,8630,0,0,0,0,342,75,0.00,0.00,0.00,0.00,0.22,0.78,0.00,100,26,0.26,0.74,0.96,0.00,0.00,0.00,0.00,0.00
0,1,21,4,2962,0,0,0,0,343,76,0.00,0.00,0.00,0.00,0.22,0.78,0.00,100,27,0.27,0.73,0.96,0.00,0.00,0.00,0.00,0.00
0,1,21,4,2962,0,0,0,0,344,77,0.00,0.00,0.00,0.00,0.22,0.78,0.00,100,28,0.28,0.72,0.97,0.00,0.00,0.00,0.00,0.00
0,1,21,4,1514,0,0,0,0,345,78,0.00,0.00,0.00,0.00,0.23,0.77,0.00,100,29,0.29,0.71,0.97,0.00,0.00,0.00,0.00,0.00
0,1,21,4,1514,0,0,0,0,346,79,0.00,0.00,0.00,0.00,0.23,0.77,0.00,100,30,0.30,0.70,0.97,0.00,0.00,0.00,0.00,0.00
0,1,21,4,4461,0,0,0,0,347,80,0.00,0.00,0.00,0.00,0.23,0.77,0.00,100,31,0.31,0.69,0.97,0.00,0.00,0.00,0.00,0.00
0,1,21,4,244,0,0,0,0,348,81,0.00,0.00,0.00,0.00,0.23,0.77,0.00,100,31,0.31,0.69,0.97,0.00,0.00,0.00,0.00,0.00
0,1,21,4,66,0,0,0,0,349,82,0.00,0.00,0.00,0.00,0.23,0.77,0.00,100,31,0.31,0.69,0.97,0.00,0.00,0.00,0.00,0.00
0,1,21,4,5858,0,0,0,0,350,83,0.00,0.00,0.00,0.00,0.24,0.76,0.00,100,31,0.31,0.69,0.97,0.00,0.00,0.00,0.00,0.00
0,1,21,4,10680,0,0,0,0,351,84,0.00,0.00,0.00,0.00,0.24,0.76,0.00,100,31,0.31,0.69,0.97,0.00,0.00,0.00,0.00,0.00
0,1,21,4,1514,0,0,0,0,352,85,0.00,0.00,0.00,0.00,0.24,0.76,0.00,100,31,0.31,0.69,0.97,0.00,0.00,0.00,0.00,0.00
0,1,21,4,66,0,0,0,0,353,86,0.00,0.00,0.00,0.00,0.24,0.76,0.00,100,32,0.32,0.68,0.97,0.00,0.00,0.00,0.00,0.00
0,1,21,4,4410,0,0,0,0,354,87,0.00,0.00,0.00,0.00,0.25,0.75,0.00,100,32,0.32,0.68,0.97,0.00,0.00,0.00,0.00,0.00
0,1,21,4,1514,0,0,0,0,355,88,0.00,0.00,0.00,0.00,0.25,0.75,0.00,100,32,0.32,0.68,0.97,0.00,0.00,0.00,0.00,0.00
0,1,21,4,1514,0,0,0,0,356,89,0.00,0.00,0.00,0.00,0.25,0.75,0.00,100,32,0.32,0.68,0.97,0.00,0.00,0.00,0.00,0.00
0,1,21,4,13098,0,0,0,0,357,90,0.00,0.00,0.00,0.00,0.25,0.75,0.00,100,32,0.32,0.68,0.97,0.00,0.00,0.00,0.00,0.00
0,1,21,4,2962,0,0,0,0,358,91,0.00,0.00,0.00,0.00,0.25,0.75,0.00,100,33,0.33,0.67,0.97,0.00,0.00,0.00,0.00,0.00
0,1,21,4,2962,0,0,0,0,359,92,0.00,0.00,0.00,0.00,0.26,0.74,0.00,100,34,0.34,0.66,0.97,0.00,0.00,0.00,0.00,0.00
0,1,21,4,320,0,0,0,0,360,93,0.00,0.00,0.00,0.00,0.26,0.74,0.00,100,35,0.35,0.65,0.97,0.00,0.00,0.00,0.00,0.00
0,1,21,4,5858,0,0,0,0,361,94,0.00,0.00,0.00,0.00,0.26,0.74,0.00,100,36,0.36,0.64,0.97,0.00,0.00,0.00,0.00,0.00
0,1,21,4,1514,0,0,0,0,362,95,0.00,0.00,0.00,0.00,0.26,0.74,0.00,100,37,0.37,0.63,0.97,0.00,0.00,0.00,0.00,0.00
0,1,21,4,8754,0,0,0,0,363,96,0.00,0.00,0.00,0.00,0.26,0.74,0.00,100,38,0.38,0.62,0.97,0.00,0.00,0.00,0.00,0.00
0,1,21,4,6395,0,0,0,0,364,97,0.00,0.00,0.00,0.00,0.27,0.73,0.00,100,39,0.39,0.61,0.97,0.00,0.00,0.00,0.00,0.00
0,1,21,4,4410,0,0,0,0,365,98,0.00,0.00,0.00,0.00,0.27,0.73,0.00,100,40,0.40,0.60,0.98,0.00,0.00,0.00,0.00,0.00
0,1,21,4,4410,0,0,0,0,366,99,0.00,0.00,0.00,0.00,0.27,0.73,0.00,100,41,0.41,0.59,0.98,0.00,0.00,0.00,0.00,0.00
0,1,21,4,1514,0,0,0,0,367,100,0.00,0.00,0.00,0.00,0.27,0.73,0.00,100,42,0.42,0.58,0.98,0.00,0.00,0.00,0.00,0.00
0,1,21,4,5858,0,0,0,0,368,101,0.00,0.00,0.00,0.00,0.27,0.73,0.00,100,43,0.43,0.57,0.98,0.00,0.00,0.00,0.00,0.00
0,1,21,4,4410,0,0,0,0,369,102,0.00,0.00,0.00,0.00,0.28,0.72,0.00,100,44,0.44,0.56,0.98,0.00,0.00,0.00,0.00,0.00
0,1,21,4,8754,0,0,0,0,370,103,0.00,0.00,0.00,0.00,0.28,0.72,0.00,100,45,0.45,0.55,0.98,0.00,0.00,0.00,0.00,0.00
0,1,21,4,1514,0,0,0,0,371,104,0.00,0.00,0.00,0.00,0.28,0.72,0.00,100,46,0.46,0.54,0.98,0.00,0.00,0.00,0.00,0.00
0,1,21,4,4141,0,0,0,0,372,105,0.00,0.00,0.00,0.00,0.28,0.72,0.00,100,47,0.47,0.53,0.98,0.00,0.00,0.00,0.00,0.00
0,1,21,4,97,0,0,0,0,373,106,0.00,0.00,0.00,0.00,0.28,0.72,0.00,100,48,0.48,0.52,0.98,0.00,0.00,0.00,0.00,0.00
0,1,21,4,97,0,0,0,0,374,107,0.00,0.00,0.00,0.00,0.29,0.71,0.00,100,49,0.49,0.51,0.98,0.00,0.00,0.00,0.00,0.00
0,1,21,4,497,0,0,0,0,375,108,0.00,0.00,0.00,0.00,0.29,0.71,0.00,100,50,0.50,0.50,0.98,0.00,0.00,0.00,0.00,0.00
0,1,21,4,89,0,0,0,0,376,109,0.00,0.00,0.00,0.00,0.29,0.71,0.00,100,51,0.51,0.49,0.98,0.00,0.00,0.00,0.00,0.00
0,1,21,4,66,0,0,0,0,377,110,0.00,0.00,0.00,0.00,0.29,0.71,0.00,100,52,0.52,0.48,0.98,0.00,0.00,0.00,0.00,0.00
0,1,21,4,60,0,0,0,0,378,111,0.00,0.00,0.00,0.00,0.29,0.71,0.00,100,53,0.53,0.47,0.98,0.00,0.00,0.00,0.00,0.00
0,1,21,4,60,0,0,0,0,379,112,0.00,0.00,0.00,0.00,0.30,0.70,0.00,100,54,0.54,0.46,0.98,0.00,0.00,0.00,0.00,0.00
0,1,21,4,320,0,0,0,0,380,113,0.00,0.00,0.00,0.00,0.30,0.70,0.00,100,55,0.55,0.45,0.98,0.00,0.00,0.00,0.00,0.00
0,1,21,4,996,0,0,0,0,381,114,0.00,0.00,0.00,0.00,0.30,0.70,0.00,100,56,0.56,0.44,0.98,0.00,0.00,0.00,0.00,0.00
0,1,47,4,1514,0,0,0,0,382,267,0.00,0.00,0.00,0.00,0.70,0.30,0.00,100,43,0.43,0.57,0.95,0.00,0.00,0.00,0.00,0.00
0,1,47,4,5858,0,0,0,0,383,268,0.00,0.00,0.00,0.00,0.70,0.30,0.00,100,43,0.43,0.57,0.95,0.00,0.00,0.00,0.00,0.00
0,1,47,4,4410,0,0,0,0,384,269,0.00,0.00,0.00,0.00,0.70,0.30,0.00,100,43,0.43,0.57,0.95,0.00,0.00,0.00,0.00,0.00
0,1,47,4,2879,0,0,0,0,385,270,0.00,0.00,0.00,0.00,0.70,0.30,0.00,100,43,0.43,0.57,0.95,0.00,0.00,0.00,0.00,0.00
0,1,47,4,10202,0,0,0,0,386,271,0.00,0.00,0.00,0.00,0.70,0.30,0.00,100,43,0.43,0.57,0.95,0.00,0.00,0.00,0.00,0.00
0,1,47,4,4410,0,0,0,0,387,272,0.00,0.00,0.00,0.00,0.70,0.30,0.00,100,43,0.43,0.57,0.95,0.00,0.00,0.00,0.00,0.00
0,1,47,4,15994,0,0,0,0,388,273,0.00,0.00,0.00,0.00,0.70,0.30,0.00,100,43,0.43,0.57,0.95,0.00,0.00,0.00,0.00,0.00
0,1,47,4,1514,0,0,0,0,389,274,0.00,0.00,0.00,0.00,0.70,0.30,0.00,100,43,0.43,0.57,0.98,0.00,0.00,0.00,0.00,0.00
0,1,47,4,4410,0,0,0,0,390,275,0.00,0.00,0.00,0.00,0.71,0.29,0.00,100,43,0.43,0.57,0.98,0.00,0.00,0.00,0.00,0.00
0,1,47,4,1514,0,0,0,0,391,276,0.00,0.00,0.00,0.00,0.71,0.29,0.00,100,43,0.43,0.57,0.98,0.00,0.00,0.00,0.00,0.00
0,1,47,4,5858,0,0,0,0,392,277,0.00,0.00,0.00,0.00,0.71,0.29,0.00,100,43,0.43,0.57,0.98,0.00,0.00,0.00,0.00,0.00
0,1,47,4,3741,0,0,0,0,393,278,0.00,0.00,0.00,0.00,0.71,0.29,0.00,100,43,0.43,0.57,0.98,0.00,0.00,0.00,0.00,0.00
0,1,47,4,8754,0,0,0,0,394,279,0.00,0.00,0.00,0.00,0.71,0.29,0.00,100,43,0.43,0.57,0.98,0.00,0.00,0.00,0.00,0.00
0,1,47,4,2962,0,0,0,0,395,280,0.00,0.00,0.00,0.00,0.71,0.29,0.00,100,43,0.43,0.57,0.98,0.00,0.00,0.00,0.00,0.00
0,1,47,4,1514,0,0,0,0,396,281,0.00,0.00,0.00,0.00,0.71,0.29,0.00,100,43,0.43,0.57,0.98,0.00,0.00,0.00,0.00,0.00
0,1,47,4,10202,0,0,0,0,397,282,0.00,0.00,0.00,0.00,0.71,0.29,0.00,100,43,0.43,0.57,0.98,0.00,0.00,0.00,0.00,0.00
0,1,47,4,4410,0,0,0,0,398,283,0.00,0.00,0.00,0.00,0.71,0.29,0.00,100,43,0.43,0.57,0.98,0.00,0.00,0.00,0.00,0.00
0,1,47,4,2962,0,0,0,0,399,284,0.00,0.00,0.00,0.00,0.71,0.29,0.00,100,43,0.43,0.57,0.98,0.00,0.00,0.00,0.00,0.00
0,1,47,4,2962,0,0,0,0,400,285,0.00,0.00,0.00,0.00,0.71,0.29,0.00,100,43,0.43,0.57,0.98,0.00,0.00,0.00,0.00,0.00
0,1,47,4,2962,0,0,0,0,401,286,0.00,0.00,0.00,0.00,0.71,0.29,0.00,100,43,0.43,0.57,0.98,0.00,0.00,0.00,0.00,0.00
0,1,47,4,5858,0,0,0,0,402,287,0.00,0.00,0.00,0.00,0.71,0.29,0.00,100,43,0.43,0.57,0.98,0.00,0.00,0.00,0.00,0.00
0,1,47,4,2962,0,0,0,0,403,288,0.00,0.00,0.00,0.00,0.71,0.29,0.00,100,43,0.43,0.57,0.98,0.00,0.00,0.00,0.00,0.00
0,1,47,4,5858,0,0,0,0,404,289,0.00,0.00,0.00,0.00,0.72,0.28,0.00,100,43,0.43,0.57,0.98,0.00,0.00,0.00,0.00,0.00
0,1,47,4,2962,0,0,0,0,405,290,0.00,0.00,0.00,0.00,0.72,0.28,0.00,100,43,0.43,0.57,0.98,0.00,0.00,0.00,0.00,0.00
0,1,47,4,1514,0,0,0,0,406,291,0.00,0.00,0.00,0.00,0.72,0.28,0.00,100,43,0.43,0.57,0.98,0.00,0.00,0.00,0.00,0.00
0,1,47,4,2962,0,0,0,0,407,292,0.00,0.00,0.00,0.00,0.72,0.28,0.00,100,43,0.43,0.57,0.98,0.00,0.00,0.00,0.00,0.00
0,1,47,4,1514,0,0,0,0,408,293,0.00,0.00,0.00,0.00,0.72,0.28,0.00,100,43,0.43,0.57,0.98,0.00,0.00,0.00,0.00,0.00
0,1,47,4,2962,0,0,0,0,409,294,0.00,0.00,0.00,0.00,0.72,0.28,0.00,100,43,0.43,0.57,0.98,0.00,0.00,0.00,0.00,0.00
0,1,47,4,2962,0,0,0,0,410,295,0.00,0.00,0.00,0.00,0.72,0.28,0.00,100,43,0.43,0.57,0.98,0.00,0.00,0.00,0.00,0.00
0,1,47,4,2962,0,0,0,0,411,296,0.00,0.00,0.00,0.00,0.72,0.28,0.00,100,43,0.43,0.57,0.98,0.00,0.00,0.00,0.00,0.00
0,1,47,4,2962,0,0,0,0,412,297,0.00,0.00,0.00,0.00,0.72,0.28,0.00,100,43,0.43,0.57,0.98,0.00,0.00,0.00,0.00,0.00
0,1,47,4,18890,0,0,0,0,413,298,0.00,0.00,0.00,0.00,0.72,0.28,0.00,100,43,0.43,0.57,0.98,0.00,0.00,0.00,0.00,0.00
0,1,47,4,8754,0,0,0,0,414,299,0.00,0.00,0.00,0.00,0.72,0.28,0.00,100,43,0.43,0.57,0.98,0.00,0.00,0.00,0.00,0.00
0,1,47,4,2962,0,0,0,0,415,300,0.00,0.00,0.00,0.00,0.72,0.28,0.00,100,43,0.43,0.57,0.98,0.00,0.00,0.00,0.00,0.00
0,1,47,4,2962,0,0,0,0,416,301,0.00,0.00,0.00,0.00,0.72,0.28,0.00,100,43,0.43,0.57,0.98,0.00,0.00,0.00,0.00,0.00
0,1,47,4,2962,0,0,0,0,417,302,0.00,0.00,0.00,0.00,0.72,0.28,0.00,100,43,0.43,0.57,0.98,0.00,0.00,0.00,0.00,0.00
0,1,47,4,2962,0,0,0,0,418,303,0.00,0.00,0.00,0.00,0.72,0.28,0.00,100,43,0.43,0.57,0.98,0.00,0.00,0.00,0.00,0.00
0,1,47,4,1514,0,0,0,0,419,304,0.00,0.00,0.00,0.00,0.73,0.27,0.00,100,43,0.43,0.57,0.98,0.00,0.00,0.00,0.00,0.00
0,1,47,4,1514,0,0,0,0,420,305,0.00,0.00,0.00,0.00,0.73,0.27,0.00,100,43,0.43,0.57,0.98,0.00,0.00,0.00,0.00,0.00
0,1,47,4,1514,0,0,0,0,421,306,0.00,0.00,0.00,0.00,0.73,0.27,0.00,100,43,0.43,0.57,0.98,0.00,0.00,0.00,0.00,0.00
0,1,47,4,4410,0,0,0,0,422,307,0.00,0.00,0.00,0.00,0.73,0.27,0.00,100,43,0.43,0.57,0.98,0.00,0.00,0.00,0.00,0.00
0,1,47,4,1514,0,0,0,0,423,308,0.00,0.00,0.00,0.00,0.73,0.27,0.00,100,43,0.43,0.57,0.98,0.00,0.00,0.00,0.00,0.00
0,1,47,4,8754,0,0,0,0,424,309,0.00,0.00,0.00,0.00,0.73,0.27,0.00,100,43,0.43,0.57,0.98,0.00,0.00,0.00,0.00,0.00
0,1,47,4,1514,0,0,0,0,425,310,0.00,0.00,0.00,0.00,0.73,0.27,0.00,100,43,0.43,0.57,0.98,0.00,0.00,0.00,0.00,0.00
0,1,47,4,10202,0,0,0,0,426,311,0.00,0.00,0.00,0.00,0.73,0.27,0.00,100,44,0.44,0.56,0.98,0.00,0.00,0.00,0.00,0.00
0,1,47,4,4410,0,0,0,0,427,312,0.00,0.00,0.00,0.00,0.73,0.27,0.00,100,45,0.45,0.55,0.98,0.00,0.00,0.00,0.00,0.00
0,1,47,4,1514,0,0,0,0,428,313,0.00,0.00,0.00,0.00,0.73,0.27,0.00,100,46,0.46,0.54,0.98,0.00,0.00,0.00,0.00,0.00
0,1,47,4,1514,0,0,0,0,429,314,0.00,0.00,0.00,0.00,0.73,0.27,0.00,100,47,0.47,0.53,0.98,0.00,0.00,0.00,0.00,0.00
0,1,47,4,4410,0,0,0,0,430,315,0.00,0.00,0.00,0.00,0.73,0.27,0.00,100,48,0.48,0.52,0.98,0.00,0.00,0.00,0.00,0.00
0,1,47,4,2178,0,0,0,0,431,316,0.00,0.00,0.00,0.00,0.73,0.27,0.00,100,49,0.49,0.51,0.98,0.00,0.00,0.00,0.00,0.00
0,1,47,4,508,0,0,0,0,432,317,0.00,0.00,0.00,0.00,0.73,0.27,0.00,100,50,0.50,0.50,0.98,0.00,0.00,0.00,0.00,0.00
0,1,47,4,97,0,0,0,0,433,318,0.00,0.00,0.00,0.00,0.73,0.27,0.00,100,51,0.51,0.49,0.98,0.00,0.00,0.00,0.00,0.00
0,1,47,4,60,0,0,0,0,434,319,0.00,0.00,0.00,0.00,0.74,0.26,0.00,100,52,0.52,0.48,0.98,0.00,0.00,0.00,0.00,0.00
0,1,47,4,60,0,0,0,0,435,320,0.00,0.00,0.00,0.00,0.74,0.26,0.00,100,53,0.53,0.47,0.98,0.00,0.00,0.00,0.00,0.00
0,1,47,4,1514,0,0,0,0,436,321,0.00,0.00,0.00,0.00,0.74,0.26,0.00,100,54,0.54,0.46,0.98,0.00,0.00,0.00,0.00,0.00
0,1,47,4,2879,0,0,0,0,437,322,0.00,0.00,0.00,0.00,0.74,0.26,0.00,100,55,0.55,0.45,0.98,0.00,0.00,0.00,0.00,0.00
0,1,47,4,15994,0,0,0,0,438,323,0.00,0.00,0.00,0.00,0.74,0.26,0.00,100,56,0.56,0.44,0.98,0.00,0.00,0.00,0.00,0.00
0,1,47,4,18890,0,0,0,0,439,324,0.00,0.00,0.00,0.00,0.74,0.26,0.00,100,57,0.57,0.43,0.98,0.00,0.00,0.00,0.00,0.00
0,1,47,4,7306,0,0,0,0,440,325,0.00,0.00,0.00,0.00,0.74,0.26,0.00,100,58,0.58,0.42,0.98,0.00,0.00,0.00,0.00,0.00
0,1,47,4,1514,0,0,0,0,441,326,0.00,0.00,0.00,0.00,0.74,0.26,0.00,100,59,0.59,0.41,0.98,0.00,0.00,0.00,0.00,0.00
0,1,47,4,66,0,0,0,0,442,327,0.00,0.00,0.00,0.00,0.74,0.26,0.00,100,60,0.60,0.40,0.98,0.00,0.00,0.00,0.00,0.00
0,1,47,4,1514,0,0,0,0,443,328,0.00,0.00,0.00,0.00,0.74,0.26,0.00,100,61,0.61,0.39,0.98,0.00,0.00,0.00,0.00,0.00
0,1,47,4,1514,0,0,0,0,444,329,0.00,0.00,0.00,0.00,0.74,0.26,0.00,100,62,0.62,0.38,0.98,0.00,0.00,0.00,0.00,0.00
0,1,47,4,2962,0,0,0,0,445,330,0.00,0.00,0.00,0.00,0.74,0.26,0.00,100,63,0.63,0.37,0.98,0.00,0.00,0.00,0.00,0.00
0,1,47,4,7306,0,0,0,0,446,331,0.00,0.00,0.00,0.00,0.74,0.26,0.00,100,64,0.64,0.36,0.98,0.00,0.00,0.00,0.00,0.00
0,1,47,4,4895,0,0,0,0,447,332,0.00,0.00,0.00,0.00,0.74,0.26,0.00,100,65,0.65,0.35,0.98,0.00,0.00,0.00,0.00,0.00
0,1,47,4,16479,0,0,0,0,448,333,0.00,0.00,0.00,0.00,0.74,0.26,0.00,100,66,0.66,0.34,0.99,0.00,0.00,0.00,0.00,0.00
0,1,47,4,16479,0,0,0,0,449,334,0.00,0.00,0.00,0.00,0.74,0.26,0.00,100,67,0.67,0.33,0.99,0.00,0.00,0.00,0.00,0.00
0,1,47,4,11650,0,0,0,0,450,335,0.00,0.00,0.00,0.00,0.74,0.26,0.00,100,68,0.68,0.32,0.99,0.00,0.00,0.00,0.00,0.00
0,1,47,4,4895,0,0,0,0,451,336,0.00,0.00,0.00,0.00,0.75,0.25,0.00,100,69,0.69,0.31,0.99,0.00,0.00,0.00,0.00,0.00
0,1,47,4,66,0,0,0,0,452,337,0.00,0.00,0.00,0.00,0.75,0.25,0.00,100,70,0.70,0.30,0.99,0.00,0.00,0.00,0.00,0.00
0,1,47,4,1514,0,0,0,0,453,338,0.00,0.00,0.00,0.00,0.75,0.25,0.00,100,71,0.71,0.29,0.99,0.00,0.00,0.00,0.00,0.00
0,1,47,4,66,0,0,0,0,454,339,0.00,0.00,0.00,0.00,0.75,0.25,0.00,100,72,0.72,0.28,0.99,0.00,0.00,0.00,0.00,0.00
0,1,47,4,20338,0,0,0,0,455,340,0.00,0.00,0.00,0.00,0.75,0.25,0.00,100,73,0.73,0.27,0.99,0.00,0.00,0.00,0.00,0.00
0,1,47,4,4410,0,0,0,0,456,341,0.00,0.00,0.00,0.00,0.75,0.25,0.00,100,74,0.74,0.26,0.99,0.00,0.00,0.00,0.00,0.00
0,1,47,4,4410,0,0,0,0,457,342,0.00,0.00,0.00,0.00,0.75,0.25,0.00,100,75,0.75,0.25,0.99,0.00,0.00,0.00,0.00,0.00
0,1,47,4,4410,0,0,0,0,458,343,0.00,0.00,0.00,0.00,0.75,0.25,0.00,100,76,0.76,0.24,0.99,0.00,0.00,0.00,0.00,0.00
0,1,47,4,2962,0,0,0,0,459,344,0.00,0.00,0.00,0.00,0.75,0.25,0.00,100,77,0.77,0.23,0.99,0.00,0.00,0.00,0.00,0.00
0,1,47,4,1514,0,0,0,0,460,345,0.00,0.00,0.00,0.00,0.75,0.25,0.00,100,78,0.78,0.22,0.99,0.00,0.00,0.00,0.00,0.00
0,1,47,4,1514,0,0,0,0,460,345,0.00,0.00,0.00,0.00,0.75,0.25,0.00,100,79,0.79,0.21,0.99,0.00,0.00,0.00,0.00,0.00
0,1,47,4,4410,0,0,0,0,461,346,0.00,0.00,0.00,0.00,0.75,0.25,0.00,100,80,0.80,0.20,0.99,0.00,0.00,0.00,0.00,0.00
0,1,47,4,4410,0,0,0,0,462,347,0.00,0.00,0.00,0.00,0.75,0.25,0.00,100,81,0.81,0.19,0.99,0.00,0.00,0.00,0.00,0.00
0,1,47,4,59434,0,0,0,0,463,348,0.00,0.00,0.00,0.00,0.75,0.25,0.00,100,82,0.82,0.18,0.99,0.00,0.00,0.00,0.00,0.00
0,1,47,4,5858,0,0,0,0,463,348,0.00,0.00,0.00,0.00,0.75,0.25,0.00,100,83,0.83,0.17,0.99,0.00,0.00,0.00,0.00,0.00
0,1,47,4,4410,0,0,0,0,464,349,0.00,0.00,0.00,0.00,0.75,0.25,0.00,100,84,0.84,0.16,0.99,0.00,0.00,0.00,0.00,0.00
0,1,47,4,1514,0,0,0,0,465,350,0.00,0.00,0.00,0.00,0.75,0.25,0.00,100,85,0.85,0.15,0.99,0.00,0.00,0.00,0.00,0.00
0,1,47,4,1514,0,0,0,0,466,351,0.00,0.00,0.00,0.00,0.75,0.25,0.00,100,86,0.86,0.14,0.99,0.00,0.00,0.00,0.00,0.00
0,1,47,4,1514,0,0,0,0,467,352,0.00,0.00,0.00,0.00,0.75,0.25,0.00,100,87,0.87,0.13,0.99,0.00,0.00,0.00,0.00,0.00
0,1,47,4,7306,0,0,0,0,468,353,0.00,0.00,0.00,0.00,0.75,0.25,0.00,100,88,0.88,0.12,0.99,0.00,0.00,0.00,0.00,0.00
0,1,47,4,10202,0,0,0,0,469,354,0.00,0.00,0.00,0.00,0.75,0.25,0.00,100,89,0.89,0.11,0.99,0.00,0.00,0.00,0.00,0.00
0,1,47,4,2962,0,0,0,0,468,353,0.00,0.00,0.00,0.00,0.75,0.25,0.00,100,90,0.90,0.10,0.99,0.00,0.00,0.00,0.00,0.00
0,1,47,4,2962,0,0,0,0,469,354,0.00,0.00,0.00,0.00,0.75,0.25,0.00,100,91,0.91,0.09,0.99,0.00,0.00,0.00,0.00,0.00
0,1,47,4,5858,0,0,0,0,470,355,0.00,0.00,0.00,0.00,0.76,0.24,0.00,100,92,0.92,0.08,0.99,0.00,0.00,0.00,0.00,0.00
0,1,47,4,2962,0,0,0,0,471,356,0.00,0.00,0.00,0.00,0.76,0.24,0.00,100,93,0.93,0.07,0.99,0.00,0.00,0.00,0.00,0.00
0,1,47,4,1514,0,0,0,0,472,357,0.00,0.00,0.00,0.00,0.76,0.24,0.00,100,94,0.94,0.06,0.99,0.00,0.00,0.00,0.00,0.00
0,1,47,4,1514,0,0,0,0,473,358,0.00,0.00,0.00,0.00,0.76,0.24,0.00,100,95,0.95,0.05,0.99,0.00,0.00,0.00,0.00,0.00
0,1,47,4,4410,0,0,0,0,430,326,0.00,0.00,0.00,0.00,0.76,0.24,0.00,100,96,0.96,0.04,0.99,0.00,0.00,0.00,0.00,0.00
0,1,47,4,1514,0,0,0,0,431,327,0.00,0.00,0.00,0.00,0.76,0.24,0.00,100,97,0.97,0.03,0.99,0.00,0.00,0.00,0.00,0.00
0,1,21,4,66,0,0,0,0,431,103,0.00,0.00,0.00,0.00,0.24,0.76,0.00,100,2,0.02,0.98,0.67,0.00,0.00,0.00,0.00,0.00
0,1,21,4,78,0,0,0,0,432,104,0.00,0.00,0.00,0.00,0.24,0.76,0.00,100,2,0.02,0.98,0.67,0.00,0.00,0.00,0.00,0.00
0,1,47,4,1514,0,0,0,0,433,328,0.00,0.00,0.00,0.00,0.76,0.24,0.00,100,98,0.98,0.02,0.99,0.00,0.00,0.00,0.00,0.00
0,1,47,4,1514,0,0,0,0,434,329,0.00,0.00,0.00,0.00,0.76,0.24,0.00,100,98,0.98,0.02,0.99,0.00,0.00,0.00,0.00,0.00
0,1,47,4,1514,0,0,0,0,435,330,0.00,0.00,0.00,0.00,0.76,0.24,0.00,100,98,0.98,0.02,0.99,0.00,0.00,0.00,0.00,0.00
0,1,47,4,2962,0,0,0,0,436,331,0.00,0.00,0.00,0.00,0.76,0.24,0.00,100,98,0.98,0.02,0.99,0.00,0.00,0.00,0.00,0.00
0,1,47,4,2962,0,0,0,0,436,331,0.00,0.00,0.00,0.00,0.76,0.24,0.00,100,98,0.98,0.02,0.99,0.00,0.00,0.00,0.00,0.00
0,1,21,4,11526,0,0,0,0,437,105,0.00,0.00,0.00,0.00,0.24,0.76,0.00,100,2,0.02,0.98,0.67,0.00,0.00,0.00,0.00,0.00
0,1,21,4,16472,0,0,0,0,438,106,0.00,0.00,0.00,0.00,0.24,0.76,0.00,100,3,0.03,0.97,0.75,0.00,0.00,0.00,0.00,0.00
0,1,47,4,17442,0,0,0,0,439,332,0.00,0.00,0.00,0.00,0.76,0.24,0.00,100,96,0.96,0.04,0.99,0.00,0.00,0.00,0.00,0.00
0,1,47,4,1514,0,0,0,0,440,333,0.00,0.00,0.00,0.00,0.76,0.24,0.00,100,96,0.96,0.04,0.99,0.00,0.00,0.00,0.00,0.00
0,1,21,4,4410,0,0,0,0,441,107,0.00,0.00,0.00,0.00,0.24,0.76,0.00,100,4,0.04,0.96,0.80,0.00,0.00,0.00,0.00,0.00
0,1,47,4,2962,0,0,0,0,442,334,0.00,0.00,0.00,0.00,0.76,0.24,0.00,100,95,0.95,0.05,0.99,0.00,0.00,0.00,0.00,0.00
0,1,47,4,1514,0,0,0,0,443,335,0.00,0.00,0.00,0.00,0.76,0.24,0.00,100,95,0.95,0.05,0.99,0.00,0.00,0.00,0.00,0.00
0,1,47,4,2962,0,0,0,0,444,336,0.00,0.00,0.00,0.00,0.76,0.24,0.00,100,95,0.95,0.05,0.99,0.00,0.00,0.00,0.00,0.00
0,1,47,4,4410,0,0,0,0,444,336,0.00,0.00,0.00,0.00,0.76,0.24,0.00,100,95,0.95,0.05,0.99,0.00,0.00,0.00,0.00,0.00
0,1,47,4,5858,0,0,0,0,445,337,0.00,0.00,0.00,0.00,0.76,0.24,0.00,100,95,0.95,0.05,0.99,0.00,0.00,0.00,0.00,0.00
0,1,47,4,2962,0,0,0,0,446,338,0.00,0.00,0.00,0.00,0.76,0.24,0.00,100,95,0.95,0.05,0.99,0.00,0.00,0.00,0.00,0.00
0,1,47,4,2962,0,0,0,0,447,339,0.00,0.00,0.00,0.00,0.76,0.24,0.00,100,95,0.95,0.05,0.99,0.00,0.00,0.00,0.00,0.00
0,1,47,4,2962,0,0,0,0,448,340,0.00,0.00,0.00,0.00,0.76,0.24,0.00,100,95,0.95,0.05,0.99,0.00,0.00,0.00,0.00,0.00
0,1,47,4,1514,0,0,0,0,449,341,0.00,0.00,0.00,0.00,0.76,0.24,0.00,100,95,0.95,0.05,0.99,0.00,0.00,0.00,0.00,0.00
0,1,47,4,1514,0,0,0,0,450,342,0.00,0.00,0.00,0.00,0.76,0.24,0.00,100,95,0.95,0.05,0.99,0.00,0.00,0.00,0.00,0.00
0,1,47,4,1514,0,0,0,0,451,343,0.00,0.00,0.00,0.00,0.76,0.24,0.00,100,95,0.95,0.05,0.99,0.00,0.00,0.00,0.00,0.00
0,1,21,4,7306,0,0,0,0,452,108,0.00,0.00,0.00,0.00,0.24,0.76,0.00,100,5,0.05,0.95,0.83,0.00,0.00,0.00,0.00,0.00
0,1,21,4,10202,0,0,0,0,453,109,0.00,0.00,0.00,0.00,0.24,0.76,0.00,100,6,0.06,0.94,0.86,0.00,0.00,0.00,0.00,0.00
0,1,21,4,7306,0,0,0,0,454,110,0.00,0.00,0.00,0.00,0.24,0.76,0.00,100,7,0.07,0.93,0.88,0.00,0.00,0.00,0.00,0.00
0,1,21,4,1514,0,0,0,0,454,111,0.00,0.00,0.00,0.00,0.24,0.76,0.00,100,8,0.08,0.92,0.89,0.00,0.00,0.00,0.00,0.00
0,1,21,4,2962,0,0,0,0,455,112,0.00,0.00,0.00,0.00,0.25,0.75,0.00,100,9,0.09,0.91,0.90,0.00,0.00,0.00,0.00,0.00
0,1,47,4,1514,0,0,0,0,455,342,0.00,0.00,0.00,0.00,0.75,0.25,0.00,100,90,0.90,0.10,0.99,0.00,0.00,0.00,0.00,0.00
0,1,21,4,8754,0,0,0,0,456,113,0.00,0.00,0.00,0.00,0.25,0.75,0.00,100,10,0.10,0.90,0.91,0.00,0.00,0.00,0.00,0.00
0,1,47,4,1514,0,0,0,0,457,343,0.00,0.00,0.00,0.00,0.75,0.25,0.00,100,89,0.89,0.11,0.99,0.00,0.00,0.00,0.00,0.00
0,1,47,4,8754,0,0,0,0,458,344,0.00,0.00,0.00,0.00,0.75,0.25,0.00,100,89,0.89,0.11,0.99,0.00,0.00,0.00,0.00,0.00
0,1,47,4,1514,0,0,0,0,459,345,0.00,0.00,0.00,0.00,0.75,0.25,0.00,100,89,0.89,0.11,0.99,0.00,0.00,0.00,0.00,0.00
0,1,47,4,1514,0,0,0,0,460,346,0.00,0.00,0.00,0.00,0.75,0.25,0.00,100,89,0.89,0.11,0.99,0.00,0.00,0.00,0.00,0.00
0,1,47,4,1514,0,0,0,0,461,347,0.00,0.00,0.00,0.00,0.75,0.25,0.00,100,89,0.89,0.11,0.99,0.00,0.00,0.00,0.00,0.00
0,1,47,4,1514,0,0,0,0,462,348,0.00,0.00,0.00,0.00,0.75,0.25,0.00,100,89,0.89,0.11,0.99,0.00,0.00,0.00,0.00,0.00
0,1,47,4,1514,0,0,0,0,463,349,0.00,0.00,0.00,0.00,0.75,0.25,0.00,100,89,0.89,0.11,0.99,0.00,0.00,0.00,0.00,0.00
0,1,47,4,13098,0,0,0,0,464,350,0.00,0.00,0.00,0.00,0.75,0.25,0.00,100,89,0.89,0.11,0.99,0.00,0.00,0.00,0.00,0.00
0,1,47,4,2962,0,0,0,0,465,351,0.00,0.00,0.00,0.00,0.75,0.25,0.00,100,89,0.89,0.11,0.99,0.00,0.00,0.00,0.00,0.00
0,1,47,4,4410,0,0,0,0,466,352,0.00,0.00,0.00,0.00,0.76,0.24,0.00,100,89,0.89,0.11,0.99,0.00,0.00,0.00,0.00,0.00
0,1,47,4,2962,0,0,0,0,467,353,0.00,0.00,0.00,0.00,0.76,0.24,0.00,100,89,0.89,0.11,0.99,0.00,0.00,0.00,0.00,0.00
0,1,47,4,1514,0,0,0,0,468,354,0.00,0.00,0.00,0.00,0.76,0.24,0.00,100,89,0.89,0.11,0.99,0.00,0.00,0.00,0.00,0.00
0,1,47,4,1514,0,0,0,0,469,355,0.00,0.00,0.00,0.00,0.76,0.24,0.00,100,89,0.89,0.11,0.99,0.00,0.00,0.00,0.00,0.00
0,1,47,4,1514,0,0,0,0,470,356,0.00,0.00,0.00,0.00,0.76,0.24,0.00,100,89,0.89,0.11,0.99,0.00,0.00,0.00,0.00,0.00
0,1,47,4,1514,0,0,0,0,471,357,0.00,0.00,0.00,0.00,0.76,0.24,0.00,100,89,0.89,0.11,0.99,0.00,0.00,0.00,0.00,0.00
0,1,21,4,8754,0,0,0,0,472,114,0.00,0.00,0.00,0.00,0.24,0.76,0.00,100,11,0.11,0.89,0.92,0.00,0.00,0.00,0.00,0.00
0,1,21,4,4410,0,0,0,0,473,115,0.00,0.00,0.00,0.00,0.24,0.76,0.00,100,12,0.12,0.88,0.92,0.00,0.00,0.00,0.00,0.00
0,1,21,4,7306,0,0,0,0,474,116,0.00,0.00,0.00,0.00,0.24,0.76,0.00,100,13,0.13,0.87,0.93,0.00,0.00,0.00,0.00,0.00
0,1,21,4,2962,0,0,0,0,475,117,0.00,0.00,0.00,0.00,0.25,0.75,0.00,100,14,0.14,0.86,0.93,0.00,0.00,0.00,0.00,0.00
0,1,21,4,5858,0,0,0,0,476,118,0.00,0.00,0.00,0.00,0.25,0.75,0.00,100,15,0.15,0.85,0.94,0.00,0.00,0.00,0.00,0.00
0,1,21,4,2962,0,0,0,0,477,119,0.00,0.00,0.00,0.00,0.25,0.75,0.00,100,16,0.16,0.84,0.94,0.00,0.00,0.00,0.00,0.00
0,1,21,4,1514,0,0,0,0,478,120,0.00,0.00,0.00,0.00,0.25,0.75,0.00,100,17,0.17,0.83,0.94,0.00,0.00,0.00,0.00,0.00
0,1,21,4,5858,0,0,0,0,479,121,0.00,0.00,0.00,0.00,0.25,0.75,0.00,100,18,0.18,0.82,0.95,0.00,0.00,0.00,0.00,0.00
0,1,21,4,4410,0,0,0,0,480,122,0.00,0.00,0.00,0.00,0.25,0.75,0.00,100,19,0.19,0.81,0.95,0.00,0.00,0.00,0.00,0.00
0,1,21,4,2962,0,0,0,0,481,123,0.00,0.00,0.00,0.00,0.26,0.74,0.00,100,20,0.20,0.80,0.95,0.00,0.00,0.00,0.00,0.00
0,1,47,4,2962,0,0,0,0,482,358,0.00,0.00,0.00,0.00,0.74,0.26,0.00,100,79,0.79,0.21,0.99,0.00,0.00,0.00,0.00,0.00
0,1,47,4,2862,0,0,0,0,483,359,0.00,0.00,0.00,0.00,0.74,0.26,0.00,100,79,0.79,0.21,0.99,0.00,0.00,0.00,0.00,0.00
0,1,47,4,2962,0,0,0,0,484,360,0.00,0.00,0.00,0.00,0.74,0.26,0.00,100,79,0.79,0.21,0.99,0.00,0.00,0.00,0.00,0.00
0,1,47,4,5858,0,0,0,0,485,361,0.00,0.00,0.00,0.00,0.74,0.26,0.00,100,79,0.79,0.21,0.99,0.00,0.00,0.00,0.00,0.00
0,1,47,4,4410,0,0,0,0,486,362,0.00,0.00,0.00,0.00,0.74,0.26,0.00,100,79,0.79,0.21,0.99,0.00,0.00,0.00,0.00,0.00
0,1,21,4,1514,0,0,0,0,487,124,0.00,0.00,0.00,0.00,0.25,0.75,0.00,100,21,0.21,0.79,0.95,0.00,0.00,0.00,0.00,0.00
0,1,21,4,7615,0,0,0,0,488,125,0.00,0.00,0.00,0.00,0.26,0.74,0.00,100,22,0.22,0.78,0.96,0.00,0.00,0.00,0.00,0.00
0,1,47,4,1514,0,0,0,0,489,363,0.00,0.00,0.00,0.00,0.74,0.26,0.00,100,77,0.77,0.23,0.99,0.00,0.00,0.00,0.00,0.00
0,1,47,4,1514,0,0,0,0,490,364,0.00,0.00,0.00,0.00,0.74,0.26,0.00,100,77,0.77,0.23,0.99,0.00,0.00,0.00,0.00,0.00
0,1,47,4,2962,0,0,0,0,491,365,0.00,0.00,0.00,0.00,0.74,0.26,0.00,100,77,0.77,0.23,0.99,0.00,0.00,0.00,0.00,0.00
0,1,47,4,1514,0,0,0,0,492,366,0.00,0.00,0.00,0.00,0.74,0.26,0.00,100,77,0.77,0.23,0.99,0.00,0.00,0.00,0.00,0.00
0,1,47,4,2962,0,0,0,0,493,367,0.00,0.00,0.00,0.00,0.74,0.26,0.00,100,77,0.77,0.23,0.99,0.00,0.00,0.00,0.00,0.00
0,1,47,4,2962,0,0,0,0,494,368,0.00,0.00,0.00,0.00,0.74,0.26,0.00,100,77,0.77,0.23,0.99,0.00,0.00,0.00,0.00,0.00
0,1,47,4,2962,0,0,0,0,495,369,0.00,0.00,0.00,0.00,0.75,0.25,0.00,100,77,0.77,0.23,0.99,0.00,0.00,0.00,0.00,0.00
0,1,47,4,5858,0,0,0,0,496,370,0.00,0.00,0.00,0.00,0.75,0.25,0.00,100,77,0.77,0.23,0.99,0.00,0.00,0.00,0.00,0.00
0,1,47,4,1514,0,0,0,0,497,371,0.00,0.00,0.00,0.00,0.75,0.25,0.00,100,77,0.77,0.23,0.99,0.00,0.00,0.00,0.00,0.00
0,1,47,4,2962,0,0,0,0,498,372,0.00,0.00,0.00,0.00,0.75,0.25,0.00,100,77,0.77,0.23,0.99,0.00,0.00,0.00,0.00,0.00
0,2,47,10,139,0,0,0,0,499,373,0.00,0.00,0.00,0.00,0.75,0.25,0.00,100,77,0.77,0.23,0.00,0.00,0.00,0.00,0.00,0.00
0,2,47,10,159,0,0,0,0,500,374,0.00,0.00,0.00,0.00,0.75,0.25,0.00,100,77,0.77,0.23,0.01,0.00,0.00,0.00,0.00,0.00
0,2,21,10,135,0,0,0,0,501,126,0.00,0.00,0.00,0.00,0.25,0.75,0.00,100,23,0.23,0.77,0.00,0.00,0.00,0.00,0.00,0.00
0,2,21,10,240,0,0,0,0,502,127,0.00,0.00,0.00,0.00,0.25,0.75,0.00,100,24,0.24,0.76,0.04,0.00,0.00,0.00,0.00,0.00
0,2,47,10,202,0,0,0,0,503,375,0.00,0.00,0.00,0.00,0.75,0.25,0.00,100,75,0.75,0.25,0.03,0.00,0.00,0.00,0.00,0.00
0,2,47,10,194,0,0,0,0,504,376,0.00,0.00,0.00,0.00,0.75,0.25,0.00,100,75,0.75,0.25,0.04,0.00,0.00,0.00,0.00,0.00
0,2,47,10,270,0,0,0,0,505,377,0.00,0.00,0.00,0.00,0.75,0.25,0.00,100,75,0.75,0.25,0.05,0.00,0.00,0.00,0.00,0.00
0,2,47,10,212,0,0,0,0,506,378,0.00,0.00,0.00,0.00,0.75,0.25,0.00,100,75,0.75,0.25,0.07,0.00,0.00,0.00,0.00,0.00
0,2,21,10,266,0,0,0,0,507,128,0.00,0.00,0.00,0.00,0.25,0.75,0.00,100,25,0.25,0.75,0.08,0.00,0.00,0.00,0.00,0.00
0,2,47,10,180,0,0,0,0,508,379,0.00,0.00,0.00,0.00,0.75,0.25,0.00,100,74,0.74,0.26,0.08,0.00,0.00,0.00,0.00,0.00
0,2,21,10,190,0,0,0,0,509,129,0.00,0.00,0.00,0.00,0.25,0.75,0.00,100,26,0.26,0.74,0.11,0.00,0.00,0.00,0.00,0.00
0,2,21,10,171,0,0,0,0,510,130,0.00,0.00,0.00,0.00,0.25,0.75,0.00,100,27,0.27,0.73,0.14,0.00,0.00,0.00,0.00,0.00
0,2,47,10,125,0,0,0,0,511,380,0.00,0.00,0.00,0.00,0.74,0.26,0.00,100,72,0.72,0.28,0.10,0.00,0.00,0.00,0.00,0.00
0,2,47,10,129,0,0,0,0,512,381,0.00,0.00,0.00,0.00,0.74,0.26,0.00,100,72,0.72,0.28,0.11,0.00,0.00,0.00,0.00,0.00
0,2,47,10,194,0,0,0,0,513,382,0.00,0.00,0.00,0.00,0.74,0.26,0.00,100,72,0.72,0.28,0.12,0.00,0.00,0.00,0.00,0.00
0,2,47,10,152,0,0,0,0,514,383,0.00,0.00,0.00,0.00,0.75,0.25,0.00,100,72,0.72,0.28,0.14,0.00,0.00,0.00,0.00,0.00
0,2,21,10,129,0,0,0,0,515,131,0.00,0.00,0.00,0.00,0.25,0.75,0.00,100,28,0.28,0.72,0.17,0.00,0.00,0.00,0.00,0.00
0,2,47,10,174,0,0,0,0,516,384,0.00,0.00,0.00,0.00,0.74,0.26,0.00,100,71,0.71,0.29,0.15,0.00,0.00,0.00,0.00,0.00
0,2,21,10,195,0,0,0,0,517,132,0.00,0.00,0.00,0.00,0.26,0.74,0.00,100,29,0.29,0.71,0.20,0.00,0.00,0.00,0.00,0.00
0,2,21,10,153,0,0,0,0,518,133,0.00,0.00,0.00,0.00,0.26,0.74,0.00,100,30,0.30,0.70,0.23,0.00,0.00,0.00,0.00,0.00
0,2,47,10,93,0,0,0,0,519,385,0.00,0.00,0.00,0.00,0.74,0.26,0.00,100,69,0.69,0.31,0.17,0.00,0.00,0.00,0.00,0.00
0,2,21,10,245,0,0,0,0,520,134,0.00,0.00,0.00,0.00,0.26,0.74,0.00,100,31,0.31,0.69,0.25,0.00,0.00,0.00,0.00,0.00
0,2,21,10,223,0,0,0,0,521,135,0.00,0.00,0.00,0.00,0.26,0.74,0.00,100,32,0.32,0.68,0.27,0.00,0.00,0.00,0.00,0.00
0,2,21,10,233,0,0,0,0,522,136,0.00,0.00,0.00,0.00,0.26,0.74,0.00,100,33,0.33,0.67,0.29,0.00,0.00,0.00,0.00,0.00
0,2,21,10,159,0,0,0,0,523,137,0.00,0.00,0.00,0.00,0.26,0.74,0.00,100,34,0.34,0.66,0.31,0.00,0.00,0.00,0.00,0.00
0,2,47,10,147,0,0,0,0,524,386,0.00,0.00,0.00,0.00,0.74,0.26,0.00,100,65,0.65,0.35,0.20,0.00,0.00,0.00,0.00,0.00
0,2,21,10,167,0,0,0,0,525,138,0.00,0.00,0.00,0.00,0.26,0.74,0.00,100,35,0.35,0.65,0.33,0.00,0.00,0.00,0.00,0.00
0,2,47,10,185,0,0,0,0,526,387,0.00,0.00,0.00,0.00,0.74,0.26,0.00,100,64,0.64,0.36,0.22,0.00,0.00,0.00,0.00,0.00
0,2,47,10,165,0,0,0,0,527,388,0.00,0.00,0.00,0.00,0.74,0.26,0.00,100,64,0.64,0.36,0.23,0.00,0.00,0.00,0.00,0.00
0,2,21,10,139,0,0,0,0,528,139,0.00,0.00,0.00,0.00,0.26,0.74,0.00,100,35,0.35,0.65,0.36,0.00,0.00,0.00,0.00,0.00
0,2,47,10,148,0,0,0,0,529,389,0.00,0.00,0.00,0.00,0.74,0.26,0.00,100,65,0.65,0.35,0.24,0.00,0.00,0.00,0.00,0.00
